0	0.19508	0.65677	0.12372	0.99587	0.088806	-0.018966	-0.07806	0.94389	0.3209	0.0464	-0.3181	0.94692
0.010007	0.18856	0.65647	0.12082	0.99176	0.086966	-0.094121	-0.052097	0.94466	0.3239	0.11708	-0.31632	0.9414
0.020013	0.18591	0.6573	0.12064	0.98879	0.089056	-0.11985	-0.044876	0.9428	0.33031	0.14242	-0.32123	0.93623
0.03002	0.18597	0.65962	0.12217	0.98905	0.090875	-0.11627	-0.045264	0.93673	0.34711	0.14045	-0.33805	0.93059
0.040027	0.18523	0.66135	0.12315	0.98822	0.092249	-0.12212	-0.042598	0.93219	0.35946	0.147	-0.35002	0.92514
0.050034	0.18456	0.66268	0.12385	0.98743	0.093448	-0.12751	-0.040261	0.92864	0.36879	0.15288	-0.35902	0.92072
0.06004	0.18403	0.66374	0.12441	0.9868	0.094438	-0.13157	-0.03844	0.92575	0.37618	0.15732	-0.36616	0.91716
0.070047	0.18364	0.66458	0.12484	0.98633	0.09524	-0.13443	-0.037104	0.92343	0.38197	0.16052	-0.37176	0.91434
0.080054	0.18329	0.66516	0.12512	0.98591	0.0958	-0.13712	-0.03591	0.92185	0.38587	0.16337	-0.37551	0.91231
0.09006	0.18299	0.66547	0.12527	0.98552	0.0961	-0.13971	-0.034816	0.92102	0.38795	0.16595	-0.37747	0.91103
0.10007	0.18271	0.66558	0.12532	0.98514	0.096222	-0.14229	-0.033809	0.92079	0.38859	0.16841	-0.378	0.91036
0.11007	0.18247	0.6655	0.12526	0.98479	0.096128	-0.14472	-0.032911	0.92112	0.38789	0.17059	-0.37723	0.91027
0.12008	0.18226	0.66525	0.12512	0.98448	0.095877	-0.14697	-0.03216	0.92193	0.38601	0.1725	-0.3753	0.91071
0.13009	0.18209	0.66482	0.12487	0.98419	0.09541	-0.14921	-0.031456	0.92326	0.38288	0.17429	-0.37214	0.91167
0.14009	0.18192	0.66425	0.12456	0.9839	0.094805	-0.15151	-0.030803	0.92498	0.37875	0.17605	-0.36799	0.91301
0.1501	0.18181	0.66358	0.12419	0.98367	0.094072	-0.15343	-0.030328	0.92696	0.37392	0.1774	-0.36316	0.91468
0.16011	0.18172	0.66281	0.12376	0.98349	0.093217	-0.15512	-0.029989	0.92923	0.36827	0.17847	-0.35754	0.91669
0.17011	0.18166	0.66196	0.12328	0.98332	0.09225	-0.15675	-0.029691	0.93168	0.36206	0.17944	-0.35137	0.91888
0.18012	0.18161	0.66104	0.12276	0.98318	0.091208	-0.15826	-0.029476	0.93428	0.35533	0.18027	-0.34469	0.92125
0.19013	0.18163	0.66012	0.12223	0.98314	0.090143	-0.15908	-0.02951	0.93684	0.3485	0.18044	-0.33793	0.92371
0.20013	0.18165	0.65914	0.12166	0.9831	0.088987	-0.16001	-0.029514	0.93953	0.34118	0.18069	-0.33069	0.92628
0.21014	0.18168	0.65816	0.1211	0.98308	0.087821	-0.16077	-0.029578	0.94218	0.33381	0.18079	-0.32341	0.92883
0.22015	0.18172	0.6571	0.12049	0.98305	0.086559	-0.16165	-0.02964	0.94498	0.32577	0.18095	-0.31546	0.93153
0.23015	0.18179	0.65603	0.11987	0.98307	0.085267	-0.16218	-0.029804	0.94775	0.31763	0.18079	-0.30742	0.93424
0.24016	0.18188	0.65495	0.11921	0.98314	0.083961	-0.16243	-0.030072	0.95049	0.3093	0.18036	-0.2992	0.93699
0.25017	0.18198	0.65386	0.11855	0.9832	0.082626	-0.16273	-0.030307	0.95319	0.30086	0.17997	-0.29088	0.93968
0.26017	0.1821	0.6528	0.11788	0.98332	0.081328	-0.16267	-0.03065	0.95576	0.29256	0.17927	-0.28269	0.94231
0.27018	0.18225	0.65178	0.11721	0.98349	0.080076	-0.16229	-0.031063	0.95816	0.28454	0.17828	-0.2748	0.94483
0.28019	0.18242	0.65082	0.11657	0.98372	0.078915	-0.16147	-0.031585	0.96037	0.27693	0.17692	-0.26733	0.94723
0.29019	0.18262	0.6499	0.11593	0.98399	0.077784	-0.16036	-0.032138	0.96243	0.26963	0.17531	-0.26016	0.94952
0.3002	0.18277	0.64902	0.11532	0.98418	0.076701	-0.15971	-0.03255	0.96437	0.26256	0.17416	-0.25321	0.95161
0.31021	0.18296	0.64825	0.11477	0.98445	0.075788	-0.15848	-0.033099	0.96602	0.25636	0.17252	-0.24712	0.9535
0.32021	0.18318	0.64755	0.11425	0.98479	0.074949	-0.15677	-0.033725	0.96748	0.25068	0.17046	-0.24158	0.95529
0.33022	0.18342	0.64695	0.11377	0.98515	0.074225	-0.15481	-0.034362	0.96872	0.24578	0.16821	-0.23681	0.95688
0.34023	0.18359	0.64644	0.11338	0.98542	0.073616	-0.15337	-0.034835	0.96974	0.24164	0.16652	-0.23277	0.95817
0.35023	0.18379	0.64607	0.11306	0.98576	0.073198	-0.15137	-0.035425	0.97047	0.23859	0.16437	-0.22983	0.95925
0.36024	0.18395	0.64582	0.11283	0.98604	0.07289	-0.14968	-0.035873	0.97096	0.23652	0.16257	-0.22785	0.96003
0.37025	0.18404	0.6457	0.11271	0.98623	0.072731	-0.14853	-0.036156	0.9712	0.2355	0.16138	-0.22688	0.96046
0.38026	0.18408	0.64574	0.11272	0.98636	0.072758	-0.14766	-0.036335	0.97112	0.2358	0.16055	-0.22722	0.96052
0.39026	0.18409	0.64593	0.11283	0.98645	0.072967	-0.14692	-0.036449	0.97073	0.23738	0.15994	-0.22881	0.96024
0.40027	0.18405	0.64626	0.11305	0.98648	0.073319	-0.14654	-0.03645	0.97009	0.23999	0.15975	-0.23141	0.95965
0.41028	0.18399	0.64672	0.11335	0.98651	0.073829	-0.14609	-0.036435	0.96916	0.24373	0.15958	-0.23512	0.95878
0.42028	0.18388	0.64733	0.11377	0.98646	0.074487	-0.1461	-0.036257	0.96791	0.24867	0.15993	-0.24001	0.95751
0.43029	0.18365	0.64802	0.11426	0.98625	0.075213	-0.14717	-0.035781	0.9665	0.25416	0.16136	-0.2454	0.9559
0.4403	0.18342	0.64883	0.11482	0.98604	0.076118	-0.14806	-0.03535	0.9648	0.26058	0.16268	-0.25171	0.95403
0.4503	0.18315	0.64976	0.11546	0.98578	0.077127	-0.14927	-0.034759	0.96281	0.26793	0.16438	-0.25893	0.9518
0.46031	0.18283	0.65077	0.11615	0.98544	0.078251	-0.15093	-0.034033	0.9606	0.27583	0.16656	-0.26668	0.94928
0.47032	0.1825	0.65189	0.11691	0.98511	0.079507	-0.15242	-0.033305	0.95809	0.28452	0.16865	-0.2752	0.94648
0.48032	0.18211	0.65301	0.11767	0.98468	0.08073	-0.15458	-0.032324	0.95553	0.29311	0.17137	-0.28363	0.9435
0.49033	0.18166	0.65423	0.11849	0.98414	0.082107	-0.15723	-0.031186	0.9527	0.3023	0.17462	-0.29261	0.94015
0.50034	0.18124	0.65553	0.11934	0.98368	0.083606	-0.15934	-0.030148	0.94956	0.31213	0.1774	-0.30223	0.93658
0.51034	0.18081	0.65686	0.12017	0.98318	0.08514	-0.16158	-0.029028	0.94629	0.322	0.18032	-0.31189	0.93285
0.52035	0.18036	0.65818	0.12098	0.98265	0.08667	-0.16397	-0.027805	0.94295	0.33178	0.18337	-0.32147	0.929
0.53036	0.1799	0.65951	0.12177	0.98209	0.088233	-0.16646	-0.026539	0.93953	0.34142	0.18652	-0.33089	0.92505
0.54036	0.17944	0.66081	0.12253	0.98153	0.089778	-0.16892	-0.025252	0.93611	0.35079	0.18962	-0.34005	0.92109
0.55037	0.17905	0.66213	0.12326	0.9811	0.091364	-0.17057	-0.024216	0.93255	0.36022	0.19198	-0.34928	0.91714
0.56038	0.17865	0.66346	0.12399	0.98063	0.092963	-0.17239	-0.023075	0.92888	0.36965	0.19449	-0.35852	0.91304
0.57038	0.17824	0.66486	0.12474	0.98015	0.094657	-0.1742	-0.021874	0.92493	0.37951	0.19705	-0.36816	0.90864
0.58039	0.17785	0.66625	0.12546	0.97971	0.096357	-0.17573	-0.020777	0.92095	0.38913	0.19934	-0.37759	0.90426
0.5904	0.17744	0.66766	0.12617	0.97924	0.098065	-0.17739	-0.019564	0.91682	0.39883	0.20175	-0.38708	0.8997
0.6004	0.177	0.66913	0.12689	0.9787	0.09986	-0.17937	-0.018184	0.91246	0.40877	0.20449	-0.3968	0.89484
0.61041	0.17656	0.67062	0.12761	0.97817	0.1017	-0.18122	-0.01681	0.90794	0.41877	0.20712	-0.40658	0.88983
0.62042	0.17613	0.67215	0.12832	0.97765	0.10358	-0.18295	-0.015435	0.90322	0.4289	0.20967	-0.41649	0.88463
0.63042	0.17571	0.67369	0.12901	0.97716	0.1055	-0.18446	-0.01413	0.89838	0.43899	0.21203	-0.42635	0.87935
0.64043	0.1753	0.67524	0.1297	0.97667	0.10743	-0.18596	-0.012772	0.89342	0.44905	0.21438	-0.4362	0.87394
0.65044	0.17488	0.67681	0.13038	0.97618	0.1094	-0.18734	-0.011432	0.88828	0.45916	0.21664	-0.44608	0.86837
0.66044	0.17449	0.67841	0.13105	0.97575	0.1114	-0.18844	-0.010181	0.88299	0.46928	0.21867	-0.45598	0.86271
0.67045	0.17408	0.68	0.1317	0.97526	0.1134	-0.18977	-0.0087934	0.87764	0.47924	0.22089	-0.46572	0.85692
0.68046	0.17366	0.68161	0.13235	0.97476	0.11542	-0.1911	-0.0073508	0.87212	0.48924	0.22313	-0.47548	0.85096
0.69046	0.17328	0.68328	0.133	0.97434	0.11751	-0.19197	-0.0060834	0.86634	0.49942	0.225	-0.48544	0.84482
0.70047	0.17288	0.68491	0.13361	0.97388	0.11956	-0.19303	-0.0047171	0.8606	0.50926	0.22701	-0.49505	0.83868
0.71048	0.1725	0.68654	0.13419	0.97347	0.12162	-0.1938	-0.0034551	0.85474	0.51905	0.22877	-0.50461	0.83249
0.72048	0.17214	0.68813	0.13475	0.97308	0.12363	-0.19448	-0.0022551	0.84899	0.52841	0.23044	-0.51375	0.82641
0.73049	0.17184	0.68965	0.13525	0.97281	0.12553	-0.19462	-0.0013556	0.84342	0.53726	0.23159	-0.52239	0.82066
0.7405	0.17158	0.69113	0.13573	0.97262	0.12741	-0.19437	-0.00067223	0.83789	0.54584	0.23241	-0.53077	0.81503
0.7505	0.17135	0.69261	0.13621	0.97247	0.12923	-0.19392	-7.4177e-005	0.83233	0.55428	0.23304	-0.53901	0.80942
0.76051	0.17111	0.69399	0.13664	0.9723	0.13097	-0.19359	0.00051511	0.82705	0.56212	0.23373	-0.54665	0.80408
0.77052	0.17094	0.69529	0.13705	0.97227	0.13255	-0.19266	0.00073795	0.8221	0.56934	0.23385	-0.55369	0.79921
0.78052	0.17078	0.6965	0.13744	0.97225	0.13404	-0.19175	0.00091858	0.81741	0.57606	0.23396	-0.56025	0.7946
0.79053	0.17069	0.69762	0.13781	0.97234	0.13539	-0.19031	0.0007282	0.81308	0.58215	0.23356	-0.56619	0.79049
0.80054	0.17059	0.69862	0.13814	0.9724	0.1366	-0.18913	0.00061914	0.80916	0.58759	0.2333	-0.57149	0.78675
0.81054	0.17051	0.69952	0.13843	0.97248	0.13765	-0.188	0.00048524	0.80565	0.5924	0.233	-0.57618	0.7834
0.82055	0.17043	0.70032	0.1387	0.97253	0.1386	-0.18704	0.00037549	0.8025	0.59665	0.2328	-0.58033	0.7804
0.83056	0.17038	0.70099	0.1389	0.97262	0.13938	-0.18598	0.00013123	0.7999	0.60013	0.23241	-0.58373	0.77798
0.84056	0.17038	0.70154	0.13908	0.97279	0.14002	-0.18461	-0.0003904	0.79775	0.60299	0.2317	-0.58651	0.77609
0.85057	0.1704	0.70204	0.13926	0.97301	0.14056	-0.18299	-0.0010884	0.79583	0.60552	0.23074	-0.58898	0.77451
0.86058	0.17049	0.70244	0.13943	0.97335	0.14102	-0.18084	-0.0021954	0.79428	0.60755	0.22932	-0.59096	0.77342
0.87058	0.1706	0.70273	0.13957	0.97372	0.14133	-0.17858	-0.0034382	0.79318	0.60897	0.22771	-0.59236	0.77283
0.88059	0.17073	0.70297	0.13972	0.97411	0.14156	-0.17624	-0.0047637	0.79233	0.61008	0.22601	-0.59345	0.77249
0.8906	0.17089	0.70313	0.13985	0.97454	0.14172	-0.17375	-0.0062501	0.79179	0.61076	0.22413	-0.59412	0.77252
0.9006	0.17104	0.70315	0.13995	0.97494	0.14173	-0.1715	-0.0076841	0.79182	0.61071	0.22235	-0.59408	0.77306
0.91061	0.17123	0.70309	0.14002	0.97538	0.14164	-0.16901	-0.0092938	0.79217	0.61023	0.22032	-0.59364	0.77398
0.92062	0.17141	0.70295	0.14007	0.9758	0.14149	-0.16674	-0.010837	0.79282	0.60936	0.21841	-0.5928	0.77517
0.93062	0.17161	0.70272	0.14009	0.97623	0.14122	-0.16442	-0.012448	0.79387	0.60796	0.21638	-0.59146	0.77676
0.94063	0.17184	0.70239	0.14007	0.97672	0.1409	-0.16177	-0.014362	0.79533	0.60601	0.21405	-0.58958	0.77883
0.95064	0.17212	0.70195	0.14002	0.97727	0.14042	-0.15884	-0.016465	0.79721	0.60347	0.21137	-0.58714	0.7814
0.96064	0.1724	0.7015	0.13998	0.9778	0.13997	-0.15592	-0.018582	0.79914	0.60086	0.2087	-0.58462	0.784
0.97065	0.17274	0.70089	0.1399	0.97844	0.13939	-0.15242	-0.021156	0.80168	0.59738	0.20546	-0.58127	0.78734
0.98066	0.17315	0.70018	0.13984	0.97917	0.13873	-0.14827	-0.024169	0.80464	0.59327	0.20161	-0.57733	0.79123
0.99066	0.17361	0.69933	0.13975	0.97994	0.13796	-0.1438	-0.027443	0.80815	0.58834	0.19738	-0.57259	0.79573
1.0007	0.17416	0.69831	0.13965	0.98086	0.13707	-0.13831	-0.031388	0.81229	0.58241	0.19218	-0.56692	0.80104
1.0107	0.17476	0.69718	0.13948	0.98179	0.1361	-0.13255	-0.035504	0.81685	0.57576	0.18664	-0.56056	0.8068
1.0207	0.17536	0.69591	0.13926	0.98268	0.13508	-0.12684	-0.039619	0.82186	0.56831	0.18101	-0.55344	0.81298
1.0307	0.17597	0.69457	0.13897	0.98357	0.13403	-0.12097	-0.04379	0.8271	0.56034	0.17516	-0.54583	0.81938
1.0407	0.17655	0.69308	0.13859	0.98435	0.13294	-0.11568	-0.047671	0.83283	0.55147	0.16966	-0.53732	0.82614
1.0507	0.17712	0.69156	0.13816	0.98509	0.13184	-0.11055	-0.051367	0.83858	0.54235	0.16421	-0.52858	0.83285
1.0607	0.17763	0.69002	0.13768	0.98573	0.1308	-0.10597	-0.054727	0.8443	0.53307	0.15919	-0.51966	0.83941
1.0707	0.17817	0.68849	0.13718	0.98637	0.1298	-0.1011	-0.058173	0.84992	0.52368	0.1539	-0.51067	0.84589
1.0807	0.1787	0.68688	0.13664	0.98698	0.12883	-0.096292	-0.061581	0.85574	0.51372	0.14858	-0.5011	0.85254
1.0907	0.17919	0.68526	0.13605	0.98753	0.12786	-0.091853	-0.064694	0.86148	0.50365	0.14353	-0.49143	0.85901
1.1007	0.17969	0.68365	0.13546	0.98805	0.12698	-0.087328	-0.067818	0.8671	0.4935	0.13839	-0.48169	0.86535
1.1107	0.18024	0.68203	0.13488	0.98861	0.12612	-0.08212	-0.071202	0.87266	0.4831	0.13259	-0.47175	0.8717
1.1208	0.18075	0.68037	0.13424	0.9891	0.12531	-0.077318	-0.074344	0.87827	0.47234	0.1271	-0.46145	0.87802
1.1308	0.18124	0.67874	0.13357	0.98955	0.12453	-0.072664	-0.077301	0.88366	0.46171	0.12171	-0.45126	0.88405
1.1408	0.18173	0.67719	0.13293	0.98997	0.12384	-0.067942	-0.080201	0.88874	0.45134	0.11628	-0.44137	0.88976
1.1508	0.18216	0.67563	0.13222	0.99033	0.1232	-0.063814	-0.082771	0.89371	0.44095	0.11136	-0.4314	0.89526
1.1608	0.1826	0.67408	0.13151	0.99067	0.12263	-0.059506	-0.085376	0.89858	0.43043	0.10625	-0.42133	0.90066
1.1708	0.18302	0.67252	0.13074	0.99097	0.12208	-0.055372	-0.087838	0.90339	0.41974	0.10126	-0.41109	0.90596
1.1808	0.18343	0.67093	0.12993	0.99126	0.12158	-0.051255	-0.090255	0.90817	0.40875	0.096243	-0.40055	0.91121
1.1908	0.18382	0.66936	0.12908	0.9915	0.12111	-0.047467	-0.09245	0.91281	0.39779	0.091503	-0.39002	0.91625
1.2008	0.18418	0.66781	0.12823	0.99172	0.1207	-0.043762	-0.094568	0.91728	0.38685	0.086835	-0.37951	0.9211
1.2108	0.18453	0.66629	0.12735	0.99192	0.12031	-0.040186	-0.096538	0.92157	0.37602	0.082271	-0.36911	0.92574
1.2208	0.18488	0.66481	0.1265	0.9921	0.11999	-0.036591	-0.098481	0.92564	0.36535	0.07771	-0.35886	0.93015
1.2308	0.1852	0.66337	0.12564	0.99226	0.11969	-0.033205	-0.10025	0.92955	0.35481	0.073334	-0.34874	0.93435
1.2408	0.18552	0.66197	0.12477	0.99239	0.11947	-0.029816	-0.10201	0.93326	0.34441	0.068974	-0.33875	0.93834
1.2508	0.1858	0.66049	0.12381	0.9925	0.11926	-0.02675	-0.10361	0.93707	0.33341	0.064828	-0.32813	0.9424
1.2608	0.18612	0.659	0.12283	0.99261	0.1191	-0.023153	-0.10537	0.94079	0.32219	0.060155	-0.31737	0.94639
1.2709	0.18645	0.65755	0.12184	0.99271	0.11895	-0.019515	-0.10704	0.94435	0.31104	0.055426	-0.30668	0.9502
1.2809	0.18677	0.65605	0.1208	0.99278	0.11887	-0.015895	-0.1087	0.94791	0.29943	0.050659	-0.29554	0.95399
1.2909	0.18707	0.65453	0.1197	0.99284	0.11879	-0.01255	-0.1102	0.95139	0.28759	0.046103	-0.28415	0.95767
1.3009	0.18737	0.653	0.11858	0.99288	0.11879	-0.0090223	-0.11173	0.9548	0.27546	0.041338	-0.27249	0.96127
1.3109	0.18768	0.65147	0.11744	0.9929	0.1188	-0.0054303	-0.11319	0.95807	0.26322	0.036472	-0.26074	0.96472
1.3209	0.18793	0.64992	0.11622	0.99291	0.11886	-0.0023983	-0.11447	0.96128	0.25066	0.032099	-0.24861	0.96807
1.3309	0.18815	0.6484	0.11498	0.9929	0.11892	0.00033474	-0.11557	0.96431	0.23824	0.028007	-0.23659	0.97121
1.3409	0.18835	0.64689	0.1137	0.99288	0.11908	0.0029041	-0.11666	0.96719	0.22571	0.024068	-0.22444	0.97419
1.3509	0.18853	0.64536	0.11235	0.99285	0.11922	0.0053636	-0.11762	0.96997	0.21291	0.020181	-0.21202	0.97706
1.3609	0.18869	0.64388	0.111	0.99282	0.11941	0.0076333	-0.11852	0.97254	0.2003	0.016495	-0.19976	0.97971
1.3709	0.18885	0.64245	0.10967	0.99277	0.11962	0.0099398	-0.11935	0.9749	0.18795	0.012792	-0.18777	0.98213
1.3809	0.18903	0.64106	0.10835	0.99271	0.11988	0.012443	-0.12019	0.97706	0.17579	0.0089155	-0.176	0.98435
1.3909	0.18919	0.6398	0.10713	0.99265	0.12009	0.014813	-0.12088	0.97894	0.16453	0.0052578	-0.16512	0.98626
1.4009	0.18933	0.63855	0.1059	0.99258	0.12038	0.016978	-0.12156	0.98067	0.15333	0.0018074	-0.15425	0.98803
1.4109	0.18947	0.63736	0.1047	0.99251	0.12065	0.019125	-0.12214	0.98224	0.1424	-0.0016047	-0.14367	0.98962
1.421	0.18963	0.63618	0.10352	0.99242	0.12099	0.021618	-0.12279	0.98367	0.13155	-0.0053484	-0.13321	0.99107
1.431	0.18976	0.63502	0.10231	0.99233	0.12129	0.023756	-0.12328	0.98501	0.12064	-0.0087679	-0.12265	0.99241
1.441	0.18983	0.63385	0.10105	0.99225	0.12166	0.025291	-0.12372	0.98624	0.10963	-0.011605	-0.11191	0.99365
1.451	0.1899	0.63276	0.099817	0.99217	0.12198	0.02681	-0.12406	0.9873	0.099202	-0.014369	-0.10175	0.99471
1.461	0.1899	0.63177	0.098638	0.99211	0.1223	0.027507	-0.1243	0.9882	0.089525	-0.016234	-0.092237	0.9956
1.471	0.1899	0.6309	0.097581	0.99206	0.12258	0.028177	-0.1245	0.9889	0.081045	-0.01793	-0.083909	0.99631
1.481	0.18986	0.63002	0.096475	0.99201	0.12291	0.028488	-0.12468	0.98955	0.072353	-0.019297	-0.075327	0.99697
1.491	0.18983	0.6292	0.09542	0.99196	0.12319	0.02883	-0.12482	0.99011	0.064116	-0.020647	-0.067199	0.99753
1.501	0.18978	0.62846	0.094437	0.99192	0.1235	0.029045	-0.12499	0.99055	0.056556	-0.021786	-0.059729	0.99798
1.511	0.18976	0.62776	0.093521	0.99188	0.12374	0.029441	-0.12509	0.99091	0.049403	-0.023061	-0.052685	0.99834
1.521	0.1897	0.62711	0.092638	0.99185	0.12399	0.029463	-0.12518	0.99122	0.042619	-0.023919	-0.045959	0.99866
1.531	0.18964	0.62651	0.09182	0.99181	0.12424	0.029476	-0.12528	0.99145	0.036413	-0.024701	-0.039807	0.9989
1.541	0.18965	0.62611	0.0913	0.99178	0.12437	0.030073	-0.12532	0.9916	0.032103	-0.025828	-0.035608	0.99903
1.551	0.18966	0.62602	0.091197	0.99177	0.12435	0.030467	-0.12529	0.99163	0.031116	-0.026342	-0.034677	0.99905
1.561	0.18953	0.626	0.091116	0.99181	0.12434	0.0293	-0.12523	0.99165	0.030759	-0.025231	-0.034176	0.9991
1.5711	0.18939	0.62603	0.091101	0.99184	0.12432	0.028068	-0.12518	0.99165	0.031063	-0.023972	-0.034324	0.99912
1.5811	0.18919	0.62608	0.091071	0.9919	0.12431	0.026221	-0.12511	0.99165	0.031402	-0.022098	-0.034428	0.99916
1.5911	0.18904	0.62616	0.091102	0.99193	0.1243	0.024865	-0.12507	0.99163	0.032142	-0.020662	-0.034992	0.99917
1.6011	0.18887	0.62617	0.091052	0.99197	0.12431	0.023419	-0.12502	0.99163	0.032122	-0.01923	-0.034792	0.99921
1.6111	0.18871	0.62624	0.091082	0.99201	0.12427	0.021908	-0.12495	0.99162	0.032857	-0.017641	-0.035331	0.99922
1.6211	0.18852	0.62629	0.091059	0.99204	0.12428	0.020151	-0.1249	0.99161	0.03323	-0.015853	-0.035482	0.99924
1.6311	0.18836	0.62636	0.091082	0.99207	0.12427	0.018758	-0.12485	0.9916	0.033846	-0.014394	-0.03592	0.99925
1.6411	0.18825	0.62638	0.091068	0.99209	0.12428	0.017941	-0.12483	0.9916	0.033964	-0.01357	-0.035935	0.99926
1.6511	0.18807	0.62643	0.091061	0.99212	0.12426	0.016289	-0.12476	0.99159	0.034388	-0.011879	-0.036149	0.99928
1.6611	0.1879	0.62646	0.091036	0.99214	0.12426	0.01474	-0.1247	0.99159	0.034603	-0.010317	-0.036169	0.99929
1.6711	0.18774	0.62655	0.091075	0.99216	0.12423	0.013278	-0.12463	0.99157	0.035426	-0.0087653	-0.036803	0.99928
1.6811	0.18755	0.62661	0.091077	0.99219	0.12422	0.011472	-0.12456	0.99156	0.035929	-0.0069121	-0.037078	0.99929
1.6911	0.18736	0.62668	0.091091	0.99221	0.12421	0.0097415	-0.12449	0.99155	0.036572	-0.0051163	-0.0375	0.99928
1.7011	0.18716	0.62673	0.091075	0.99222	0.12421	0.0079292	-0.12442	0.99154	0.036902	-0.0032784	-0.037601	0.99929
1.7111	0.18698	0.62681	0.091108	0.99224	0.1242	0.0062604	-0.12435	0.99152	0.037701	-0.0015249	-0.038186	0.99927
1.7212	0.18677	0.62685	0.091074	0.99225	0.12421	0.0043182	-0.12428	0.99152	0.037925	0.00042893	-0.038167	0.99927
1.7312	0.1866	0.62693	0.09111	0.99225	0.1242	0.0028942	-0.12422	0.9915	0.038672	0.0019336	-0.038732	0.99925
1.7412	0.18643	0.62698	0.091105	0.99226	0.1242	0.0013749	-0.12416	0.99149	0.039064	0.0034886	-0.038932	0.99924
1.7512	0.18627	0.62705	0.091129	0.99226	0.1242	-6.3093e-005	-0.1241	0.99147	0.039728	0.0049966	-0.039412	0.99921
1.7612	0.18611	0.62711	0.091144	0.99226	0.12419	-0.0015205	-0.12403	0.99146	0.040206	0.0065007	-0.039706	0.99919
1.7712	0.18596	0.6272	0.091199	0.99226	0.12418	-0.0027459	-0.12397	0.99144	0.041034	0.0078182	-0.040376	0.99915
1.7812	0.18577	0.62722	0.09117	0.99225	0.12417	-0.0044845	-0.12389	0.99144	0.041105	0.0095503	-0.040231	0.99914
1.7912	0.18563	0.62731	0.09123	0.99224	0.12418	-0.0057166	-0.12384	0.99142	0.041894	0.01087	-0.040861	0.99911
1.8012	0.18544	0.62734	0.091215	0.99223	0.12416	-0.0074015	-0.12375	0.99142	0.042088	0.012564	-0.040845	0.99909
1.8112	0.18526	0.62742	0.091262	0.99222	0.12417	-0.0090303	-0.12368	0.9914	0.042825	0.01427	-0.041374	0.99904
1.8212	0.18508	0.62747	0.09127	0.9922	0.12417	-0.010666	-0.1236	0.99139	0.043229	0.015942	-0.041574	0.99901
1.8312	0.18488	0.62756	0.091322	0.99218	0.12416	-0.012442	-0.1235	0.99137	0.04403	0.017801	-0.042149	0.99895
1.8412	0.1847	0.6276	0.091325	0.99216	0.12417	-0.014034	-0.12344	0.99136	0.04434	0.019418	-0.04226	0.99892
1.8512	0.18454	0.62771	0.0914	0.99214	0.12417	-0.015448	-0.12336	0.99133	0.045282	0.020936	-0.043021	0.99885
1.8612	0.18436	0.62773	0.091394	0.99211	0.12419	-0.017034	-0.12331	0.99133	0.045443	0.02253	-0.042985	0.99882
1.8713	0.18421	0.6278	0.091438	0.99209	0.12417	-0.018322	-0.12322	0.99131	0.046035	0.023879	-0.043413	0.99877
1.8813	0.184	0.62784	0.091448	0.99205	0.12417	-0.020303	-0.12313	0.99131	0.046322	0.025878	-0.043454	0.99872
1.8913	0.1838	0.62794	0.091533	0.99202	0.12417	-0.022022	-0.12303	0.99128	0.047205	0.027691	-0.044119	0.99864
1.9013	0.1836	0.62802	0.091598	0.99197	0.12417	-0.023909	-0.12293	0.99126	0.047887	0.029646	-0.044564	0.99857
1.9113	0.1834	0.62811	0.091679	0.99193	0.12419	-0.02561	-0.12284	0.99123	0.04872	0.031436	-0.04518	0.99848
1.9213	0.18321	0.62814	0.091693	0.99188	0.12419	-0.027382	-0.12276	0.99123	0.048885	0.033212	-0.045127	0.99843
1.9313	0.18305	0.62821	0.091748	0.99184	0.12421	-0.028733	-0.12269	0.99121	0.049492	0.034627	-0.045563	0.99836
1.9413	0.18286	0.62828	0.091803	0.99179	0.12419	-0.030451	-0.12258	0.99119	0.050069	0.036401	-0.045925	0.99828
1.9513	0.18266	0.62838	0.091899	0.99173	0.12422	-0.032135	-0.12249	0.99116	0.050939	0.038178	-0.046581	0.99818
1.9613	0.18251	0.62844	0.091956	0.99169	0.12423	-0.033458	-0.12243	0.99115	0.051389	0.039545	-0.046865	0.99812
1.9713	0.18231	0.62846	0.091976	0.99163	0.12422	-0.035172	-0.12234	0.99115	0.051518	0.041261	-0.046784	0.99805
1.9813	0.18215	0.62847	0.091981	0.99158	0.12423	-0.036581	-0.12228	0.99116	0.051426	0.042646	-0.046519	0.99801
1.9913	0.182	0.62849	0.091999	0.99153	0.12424	-0.037857	-0.12222	0.99116	0.05155	0.043926	-0.046487	0.99795
2.0013	0.18183	0.62848	0.091985	0.99148	0.1242	-0.039372	-0.12213	0.99119	0.051334	0.045401	-0.046088	0.99791
2.0113	0.18167	0.62854	0.092048	0.99142	0.12424	-0.040683	-0.12208	0.99117	0.051838	0.046764	-0.046427	0.99783
2.0214	0.18152	0.62858	0.092086	0.99137	0.12423	-0.041903	-0.122	0.99116	0.052098	0.048005	-0.046536	0.99776
2.0314	0.18139	0.62863	0.092132	0.99132	0.12425	-0.042906	-0.12195	0.99115	0.052447	0.049042	-0.046759	0.9977
2.0414	0.18125	0.62867	0.092182	0.99128	0.12425	-0.043972	-0.12189	0.99114	0.052776	0.05014	-0.046956	0.99764
2.0514	0.18111	0.62876	0.092279	0.99122	0.12428	-0.045076	-0.12183	0.9911	0.053566	0.051332	-0.047604	0.99755
2.0614	0.18102	0.62885	0.092374	0.9912	0.1243	-0.045621	-0.12179	0.99107	0.054316	0.051965	-0.048282	0.99748
2.0714	0.18086	0.62894	0.092467	0.99113	0.12431	-0.047038	-0.12168	0.99104	0.055083	0.053463	-0.04887	0.99737
2.0814	0.18073	0.62904	0.092591	0.99108	0.12435	-0.047984	-0.12163	0.99099	0.056041	0.05452	-0.049705	0.99727
2.0914	0.18061	0.62919	0.092757	0.99103	0.12439	-0.048805	-0.12155	0.99092	0.057412	0.055504	-0.050965	0.99716
2.1014	0.18048	0.62936	0.092953	0.99097	0.12446	-0.049786	-0.12148	0.99084	0.059048	0.056679	-0.052467	0.99701
2.1114	0.18037	0.62966	0.093276	0.99093	0.12456	-0.050365	-0.12138	0.99067	0.06193	0.057609	-0.055256	0.99681
2.1214	0.18027	0.63003	0.093684	0.99089	0.1247	-0.050835	-0.12129	0.99045	0.0655	0.058517	-0.058737	0.99656
2.1314	0.18023	0.6306	0.094296	0.99088	0.12491	-0.050603	-0.12118	0.99008	0.071061	0.058978	-0.064281	0.99619
2.1414	0.18018	0.63136	0.095119	0.99085	0.12519	-0.050394	-0.12104	0.98954	0.078462	0.05969	-0.071644	0.99564
2.1514	0.18008	0.63228	0.096096	0.9908	0.12549	-0.050664	-0.12077	0.98883	0.08734	0.061058	-0.080418	0.99489
2.1614	0.17996	0.63331	0.097171	0.99073	0.12586	-0.051076	-0.1205	0.98795	0.097183	0.062692	-0.090127	0.99396
2.1715	0.1798	0.63443	0.098305	0.99064	0.12625	-0.05184	-0.12013	0.9869	0.10773	0.064761	-0.10049	0.99283
2.1815	0.1796	0.63561	0.099489	0.99052	0.12668	-0.05312	-0.11969	0.98568	0.11874	0.067402	-0.11126	0.9915
2.1915	0.17935	0.63685	0.1007	0.99037	0.12715	-0.054809	-0.11917	0.9843	0.13018	0.070501	-0.1224	0.98997
2.2015	0.17906	0.63814	0.10193	0.99019	0.12766	-0.056844	-0.11856	0.98275	0.14192	0.073982	-0.13379	0.98824
2.2115	0.17877	0.63949	0.10318	0.98999	0.12822	-0.058895	-0.1179	0.981	0.15405	0.07753	-0.14557	0.98631
2.2215	0.17848	0.6409	0.10446	0.98979	0.12881	-0.060962	-0.11716	0.97906	0.1665	0.081132	-0.15766	0.98415
2.2315	0.17813	0.64242	0.10582	0.98955	0.12947	-0.06342	-0.11628	0.97681	0.17978	0.085225	-0.17053	0.98166
2.2415	0.17779	0.64403	0.10724	0.9893	0.1302	-0.065809	-0.11534	0.97425	0.19371	0.089337	-0.18405	0.97885
2.2515	0.17749	0.64573	0.10867	0.98907	0.13099	-0.067667	-0.11441	0.9714	0.20808	0.092987	-0.19806	0.97577
2.2615	0.17708	0.6475	0.11012	0.98876	0.13182	-0.070604	-0.11317	0.96825	0.22288	0.097743	-0.21239	0.97228
2.2715	0.17668	0.6493	0.11154	0.98843	0.13273	-0.073397	-0.11193	0.96489	0.23763	0.10236	-0.22666	0.96858
2.2815	0.17627	0.65106	0.11288	0.98809	0.13365	-0.07623	-0.11061	0.96143	0.25184	0.10695	-0.24041	0.96476
2.2915	0.17582	0.65286	0.11423	0.98771	0.13459	-0.079495	-0.10908	0.95771	0.26625	0.11197	-0.2543	0.96062
2.3015	0.17534	0.65468	0.11554	0.98729	0.13561	-0.082924	-0.10745	0.95382	0.28049	0.11713	-0.26801	0.95627
2.3116	0.17484	0.65651	0.11682	0.98682	0.13667	-0.086659	-0.10566	0.94974	0.29466	0.12257	-0.28162	0.95166
2.3216	0.17433	0.65835	0.11806	0.98634	0.13778	-0.09033	-0.1038	0.94549	0.30867	0.12793	-0.29508	0.94687
2.3316	0.17384	0.6602	0.11926	0.98585	0.13893	-0.093752	-0.10194	0.94104	0.32256	0.13304	-0.30844	0.9419
2.3416	0.17334	0.66207	0.12044	0.98535	0.14013	-0.097215	-0.09999	0.93643	0.3363	0.13816	-0.32166	0.93672
2.3516	0.17282	0.664	0.1216	0.98481	0.14138	-0.1008	-0.097864	0.93149	0.35037	0.14343	-0.33518	0.93117
2.3616	0.1723	0.66591	0.12273	0.98426	0.14271	-0.10428	-0.095746	0.92643	0.3641	0.14857	-0.34838	0.9255
2.3716	0.17182	0.66785	0.12384	0.98373	0.14406	-0.10738	-0.093651	0.92113	0.37782	0.15334	-0.36162	0.91963
2.3816	0.1713	0.66979	0.12491	0.98314	0.14545	-0.11079	-0.091374	0.9157	0.39133	0.15836	-0.37461	0.91356
2.3916	0.1708	0.67176	0.12597	0.98257	0.1469	-0.11391	-0.089123	0.91004	0.40484	0.16313	-0.38763	0.90727
2.4016	0.1703	0.67379	0.12702	0.98199	0.14842	-0.11691	-0.086817	0.90406	0.41849	0.16781	-0.4008	0.90066
2.4116	0.16979	0.67585	0.12805	0.98138	0.14999	-0.11995	-0.084393	0.89783	0.43218	0.17252	-0.41401	0.89377
2.4216	0.16926	0.6779	0.12905	0.98074	0.1516	-0.12316	-0.081846	0.89147	0.44562	0.17735	-0.42695	0.88671
2.4316	0.16874	0.67996	0.13001	0.9801	0.15325	-0.12615	-0.079298	0.88493	0.45893	0.18197	-0.43979	0.87947
2.4416	0.16822	0.68195	0.13089	0.97944	0.15489	-0.12928	-0.076679	0.87849	0.47157	0.18661	-0.45196	0.8723
2.4516	0.16777	0.6839	0.13171	0.97888	0.15651	-0.13154	-0.074417	0.87203	0.48377	0.19042	-0.46376	0.86526
2.4617	0.16734	0.68583	0.13251	0.97834	0.15815	-0.13354	-0.072243	0.86549	0.49569	0.19397	-0.4753	0.85817
2.4717	0.16695	0.68768	0.13323	0.97785	0.15971	-0.13529	-0.070194	0.85915	0.50688	0.19719	-0.48615	0.85133
2.4817	0.16659	0.68942	0.1339	0.97741	0.16123	-0.13667	-0.068385	0.85307	0.51729	0.19999	-0.49626	0.84483
2.4917	0.16634	0.69108	0.13455	0.97713	0.16267	-0.13692	-0.067163	0.84714	0.52711	0.20173	-0.50586	0.83869
2.5017	0.1661	0.69264	0.13515	0.97685	0.16401	-0.13732	-0.065916	0.84152	0.53619	0.2035	-0.51473	0.83285
2.5117	0.1659	0.69412	0.13572	0.97665	0.16529	-0.13726	-0.064953	0.83612	0.54469	0.2048	-0.52306	0.82733
2.5217	0.16572	0.69546	0.13623	0.97647	0.16646	-0.1371	-0.064156	0.8312	0.55225	0.20588	-0.53046	0.82233
2.5317	0.16561	0.69664	0.13669	0.97639	0.16747	-0.13647	-0.063701	0.8268	0.55888	0.20643	-0.53699	0.81794
2.5417	0.16553	0.69765	0.13707	0.97635	0.16835	-0.13564	-0.063509	0.82304	0.56442	0.20666	-0.54246	0.81427
2.5517	0.16551	0.69844	0.13737	0.9764	0.16904	-0.13445	-0.063666	0.82007	0.56871	0.20639	-0.54672	0.81148
2.5617	0.16559	0.69907	0.13765	0.9766	0.16959	-0.13227	-0.064522	0.8177	0.57202	0.20517	-0.55009	0.80951
2.5717	0.16567	0.69948	0.13783	0.97679	0.16993	-0.13042	-0.065343	0.81619	0.57408	0.204	-0.55223	0.80835
2.5817	0.16583	0.69972	0.13798	0.97708	0.17016	-0.12789	-0.066709	0.81533	0.57514	0.20214	-0.55343	0.808
2.5917	0.16606	0.6998	0.1381	0.97748	0.17021	-0.12474	-0.068521	0.8151	0.57526	0.19959	-0.55376	0.8084
2.6017	0.1663	0.69975	0.13818	0.97787	0.17019	-0.1217	-0.070378	0.81533	0.5747	0.19703	-0.55342	0.80926
2.6118	0.16655	0.6996	0.13824	0.97827	0.17007	-0.11857	-0.072338	0.81598	0.57354	0.19429	-0.5525	0.81055
2.6218	0.16682	0.69936	0.13827	0.97868	0.1699	-0.11539	-0.074403	0.81698	0.57185	0.19143	-0.55107	0.8122
2.6318	0.16709	0.69902	0.13827	0.97909	0.16966	-0.11227	-0.076484	0.81834	0.56962	0.18852	-0.54912	0.8142
2.6418	0.1674	0.6986	0.13826	0.97953	0.16937	-0.10879	-0.078828	0.82001	0.5669	0.18523	-0.54672	0.81657
2.6518	0.16768	0.69812	0.13821	0.97992	0.16905	-0.10575	-0.080936	0.82189	0.56387	0.18223	-0.54399	0.81907
2.6618	0.168	0.69755	0.13814	0.98034	0.1687	-0.10235	-0.08331	0.82408	0.56031	0.17887	-0.54077	0.82193
2.6718	0.16828	0.69701	0.13806	0.98072	0.16833	-0.099311	-0.085419	0.8262	0.55686	0.17579	-0.53764	0.82465
2.6818	0.16855	0.69642	0.13795	0.98106	0.16797	-0.09647	-0.087447	0.82845	0.5532	0.17284	-0.53428	0.82744
2.6918	0.16885	0.69583	0.13785	0.98142	0.16762	-0.093331	-0.08963	0.83071	0.54944	0.16963	-0.53087	0.83031
2.7018	0.16911	0.69523	0.13772	0.98174	0.16726	-0.090608	-0.091561	0.833	0.54564	0.16674	-0.52738	0.83311
2.7118	0.16932	0.69465	0.13759	0.982	0.16693	-0.088385	-0.093192	0.83519	0.54201	0.1643	-0.52401	0.83571
2.7218	0.16956	0.69406	0.13746	0.98229	0.16662	-0.085739	-0.095065	0.83741	0.53825	0.16148	-0.52056	0.83842
2.7318	0.16977	0.69345	0.1373	0.98253	0.16629	-0.08356	-0.096662	0.83969	0.5344	0.15903	-0.51699	0.84109
2.7418	0.16998	0.69282	0.13713	0.98277	0.16598	-0.081358	-0.098297	0.84202	0.53042	0.15654	-0.51328	0.84382
2.7518	0.17019	0.69221	0.13696	0.983	0.16567	-0.079179	-0.099871	0.84426	0.52655	0.15408	-0.50969	0.84645
2.7619	0.17038	0.69157	0.13678	0.98321	0.16537	-0.077174	-0.10137	0.84658	0.52252	0.15174	-0.50592	0.84913
2.7719	0.17056	0.69095	0.13658	0.9834	0.16506	-0.075329	-0.10275	0.84883	0.51858	0.14954	-0.50223	0.8517
2.7819	0.17076	0.6903	0.13638	0.98361	0.16479	-0.073142	-0.10435	0.85118	0.51439	0.14702	-0.49833	0.85443
2.7919	0.17097	0.68962	0.13616	0.98383	0.16448	-0.070953	-0.10593	0.8536	0.51004	0.14446	-0.49427	0.85722
2.8019	0.17119	0.68895	0.13595	0.98404	0.16421	-0.068553	-0.10762	0.856	0.50566	0.14172	-0.49021	0.86001
2.8119	0.17141	0.68821	0.1357	0.98425	0.16392	-0.066232	-0.10929	0.85861	0.50084	0.13897	-0.48572	0.863
2.8219	0.17166	0.68743	0.13544	0.98447	0.16363	-0.063518	-0.11118	0.86133	0.49572	0.13583	-0.48097	0.86615
2.8319	0.17193	0.6866	0.13516	0.9847	0.16334	-0.06064	-0.11316	0.86418	0.49029	0.13249	-0.47592	0.86945
2.8419	0.17223	0.68563	0.13482	0.98494	0.16304	-0.057473	-0.11536	0.86748	0.48391	0.12876	-0.46999	0.87323
2.8519	0.17254	0.6846	0.13445	0.98519	0.16271	-0.054181	-0.11761	0.87095	0.47709	0.12482	-0.46365	0.87718
2.8619	0.17286	0.68346	0.13401	0.98542	0.1624	-0.050817	-0.11996	0.87476	0.46947	0.1207	-0.45653	0.88148
2.8719	0.1732	0.68225	0.13355	0.98565	0.16207	-0.047261	-0.12237	0.87872	0.46138	0.11631	-0.44898	0.88594
2.8819	0.17356	0.6809	0.13301	0.98587	0.16178	-0.043438	-0.12498	0.88306	0.45231	0.11153	-0.44049	0.8908
2.8919	0.1739	0.67947	0.13238	0.98607	0.16145	-0.039894	-0.12742	0.88761	0.44261	0.10687	-0.43137	0.89582
2.9019	0.1743	0.6779	0.13168	0.98628	0.16119	-0.035558	-0.13029	0.89248	0.43186	0.10135	-0.4213	0.90124
2.912	0.1747	0.67625	0.1309	0.98647	0.16091	-0.031299	-0.13306	0.89751	0.42043	0.095742	-0.41058	0.90678
2.922	0.17505	0.6745	0.12998	0.98662	0.16067	-0.027537	-0.13561	0.90275	0.40824	0.09045	-0.39905	0.91246
2.932	0.1754	0.67268	0.12898	0.98676	0.16046	-0.023742	-0.13814	0.90801	0.39551	0.085021	-0.38699	0.91816
2.942	0.17577	0.67078	0.12791	0.98687	0.16032	-0.019616	-0.14079	0.91342	0.3819	0.079143	-0.37413	0.92399
2.952	0.17615	0.66886	0.1268	0.98697	0.16019	-0.015431	-0.14335	0.91868	0.36808	0.073139	-0.36107	0.92967
2.962	0.17653	0.66696	0.12568	0.98703	0.16012	-0.011101	-0.14588	0.92376	0.3541	0.066954	-0.34789	0.93514
2.972	0.17688	0.66509	0.12453	0.98707	0.16011	-0.0070267	-0.14821	0.9286	0.34019	0.060994	-0.33475	0.94033
2.982	0.17725	0.66324	0.12338	0.98709	0.16016	-0.0027055	-0.15053	0.93325	0.32616	0.054762	-0.32154	0.94531
2.992	0.17758	0.6614	0.12216	0.98707	0.16026	0.0012264	-0.15264	0.93773	0.31204	0.048858	-0.30819	0.95007
3.002	0.17789	0.65954	0.12091	0.98703	0.16044	0.0051076	-0.15467	0.94206	0.29765	0.042942	-0.29458	0.95466
3.012	0.1782	0.65772	0.11961	0.98697	0.16063	0.0089019	-0.15655	0.94618	0.28325	0.037077	-0.28095	0.95901
3.022	0.17848	0.65589	0.11828	0.98689	0.16092	0.012629	-0.15837	0.95013	0.26864	0.031231	-0.26712	0.96316
3.032	0.17873	0.65406	0.11686	0.98679	0.16123	0.015983	-0.15997	0.95393	0.25383	0.025678	-0.25303	0.96712
3.042	0.17898	0.65218	0.11536	0.98666	0.16165	0.019458	-0.16159	0.95764	0.23835	0.019895	-0.23832	0.97098
3.052	0.17916	0.65031	0.11378	0.98653	0.16206	0.022275	-0.16293	0.96116	0.22277	0.014692	-0.2234	0.97462
3.0621	0.17939	0.64845	0.11219	0.98636	0.16257	0.02565	-0.16434	0.96445	0.20697	0.0089082	-0.20836	0.97801
3.0721	0.17962	0.64666	0.11062	0.98619	0.16307	0.029024	-0.1656	0.96743	0.19147	0.0031437	-0.19363	0.98107
3.0821	0.17977	0.64488	0.10898	0.98601	0.16364	0.031664	-0.16667	0.97021	0.17583	-0.0019473	-0.17865	0.98391
3.0921	0.1799	0.64315	0.10733	0.98583	0.16424	0.034209	-0.16762	0.97271	0.16044	-0.0069258	-0.1639	0.98645
3.1021	0.18004	0.64142	0.10562	0.98562	0.16491	0.036812	-0.16854	0.97502	0.14465	-0.012038	-0.14878	0.9888
3.1121	0.18011	0.6397	0.10383	0.98543	0.16559	0.038822	-0.16926	0.97711	0.12884	-0.0166	-0.13353	0.99091
3.1221	0.18022	0.63805	0.10207	0.98521	0.16631	0.041181	-0.16998	0.97892	0.11325	-0.021478	-0.11858	0.99271
3.1321	0.18027	0.6364	0.10023	0.98501	0.16705	0.042973	-0.17054	0.98051	0.097505	-0.025847	-0.10337	0.99431
3.1421	0.18028	0.63477	0.098324	0.98481	0.16785	0.044486	-0.17103	0.98189	0.081544	-0.029993	-0.087914	0.99568
3.1521	0.18032	0.63317	0.096427	0.98458	0.16867	0.046362	-0.17149	0.98299	0.065682	-0.034495	-0.07262	0.99676
3.1621	0.18034	0.63161	0.0945	0.98436	0.1695	0.047963	-0.17184	0.98386	0.049804	-0.038747	-0.057267	0.99761
3.1721	0.18037	0.63012	0.092608	0.98414	0.17033	0.049611	-0.17212	0.98447	0.034405	-0.042981	-0.042398	0.99818
3.1821	0.18041	0.62891	0.091096	0.98395	0.17094	0.051136	-0.17222	0.98482	0.021706	-0.04665	-0.030164	0.99846
3.1921	0.18066	0.62866	0.090951	0.98379	0.17097	0.054161	-0.1722	0.98488	0.018934	-0.050105	-0.027954	0.99835
3.2021	0.1806	0.62857	0.090828	0.98382	0.17094	0.053685	-0.1721	0.98492	0.017881	-0.049819	-0.026831	0.9984
3.2122	0.18035	0.62863	0.090765	0.98397	0.17087	0.051112	-0.172	0.98492	0.018479	-0.047184	-0.026973	0.99852
3.2222	0.18001	0.62871	0.090678	0.98414	0.17086	0.04777	-0.17193	0.98492	0.019237	-0.043763	-0.027145	0.99867
3.2322	0.17968	0.62884	0.090642	0.9843	0.17083	0.044432	-0.17186	0.98491	0.020517	-0.040256	-0.027831	0.9988
3.2422	0.17936	0.62893	0.090577	0.98444	0.17083	0.041257	-0.1718	0.9849	0.02137	-0.036983	-0.028126	0.99892
3.2522	0.17909	0.62903	0.090553	0.98455	0.17081	0.038585	-0.17174	0.98489	0.022356	-0.034184	-0.028637	0.99901
3.2622	0.17882	0.62911	0.090509	0.98465	0.1708	0.035958	-0.17169	0.98488	0.023098	-0.03147	-0.028917	0.99909
3.2722	0.17857	0.62921	0.090494	0.98474	0.17078	0.033539	-0.17162	0.98487	0.024003	-0.028933	-0.029393	0.99915
3.2822	0.17834	0.62924	0.090428	0.9848	0.1708	0.031429	-0.17158	0.98487	0.024217	-0.026817	-0.029241	0.99921
3.2922	0.17814	0.62932	0.090422	0.98487	0.17078	0.029548	-0.17153	0.98486	0.024898	-0.024848	-0.02959	0.99925
3.3022	0.17795	0.62934	0.090357	0.98492	0.17079	0.027724	-0.17149	0.98487	0.025038	-0.023029	-0.029415	0.9993
3.3122	0.17774	0.62941	0.090335	0.98497	0.17077	0.02579	-0.17143	0.98486	0.025651	-0.021019	-0.029686	0.99934
3.3222	0.17755	0.62944	0.090287	0.98502	0.17078	0.024033	-0.17138	0.98487	0.025856	-0.019254	-0.029587	0.99938
3.3322	0.17736	0.62949	0.090265	0.98506	0.17077	0.022251	-0.17133	0.98486	0.026306	-0.017422	-0.029725	0.99941
3.3422	0.17716	0.62953	0.090235	0.9851	0.17078	0.02045	-0.17129	0.98486	0.026652	-0.015589	-0.029757	0.99944
3.3522	0.17701	0.62957	0.090216	0.98513	0.17077	0.019105	-0.17125	0.98486	0.026969	-0.01421	-0.02984	0.99945
3.3623	0.17683	0.62959	0.09017	0.98516	0.17077	0.017413	-0.1712	0.98486	0.027063	-0.012528	-0.029642	0.99948
3.3723	0.17666	0.62965	0.090166	0.98518	0.17076	0.015912	-0.17115	0.98486	0.027563	-0.010964	-0.029878	0.99949
3.3823	0.17649	0.62967	0.090124	0.9852	0.17078	0.014402	-0.17112	0.98486	0.027638	-0.0094637	-0.029694	0.99951
3.3923	0.17632	0.6297	0.090094	0.98523	0.17076	0.012844	-0.17106	0.98487	0.027873	-0.0078901	-0.029659	0.99953
3.4023	0.17614	0.62973	0.09006	0.98525	0.17077	0.011234	-0.17102	0.98487	0.028051	-0.0062737	-0.029558	0.99954
3.4123	0.176	0.62976	0.090037	0.98526	0.17077	0.0099549	-0.17099	0.98487	0.028325	-0.0049673	-0.029609	0.99955
3.4223	0.17583	0.62977	0.089984	0.98527	0.17077	0.0084652	-0.17094	0.98487	0.028322	-0.0035006	-0.029352	0.99956
3.4323	0.17565	0.62982	0.089961	0.98529	0.17077	0.0068357	-0.17089	0.98487	0.028671	-0.0018363	-0.029417	0.99957
3.4423	0.17551	0.62981	0.089904	0.98529	0.17077	0.0056615	-0.17087	0.98488	0.028528	-0.00070409	-0.029076	0.99958
3.4523	0.17537	0.62986	0.089899	0.9853	0.17077	0.0043685	-0.17082	0.98488	0.028885	0.00063029	-0.029207	0.99957
3.4623	0.17519	0.62988	0.089873	0.98531	0.17077	0.002807	-0.17078	0.98488	0.029014	0.0021901	-0.029067	0.99958
3.4723	0.17502	0.62992	0.089872	0.98531	0.17077	0.0012307	-0.17073	0.98488	0.029405	0.0038095	-0.029183	0.99957
3.4823	0.17488	0.62991	0.089824	0.98531	0.17078	-6.9119e-006	-0.1707	0.98489	0.029204	0.0049942	-0.028774	0.99957
3.4923	0.17472	0.62997	0.089838	0.98531	0.17076	-0.0014314	-0.17064	0.98489	0.029694	0.0064803	-0.029014	0.99956
3.5023	0.17452	0.63	0.089816	0.98531	0.17077	-0.0031985	-0.1706	0.98489	0.029849	0.0082476	-0.028865	0.99955
3.5124	0.1744	0.63004	0.089825	0.9853	0.17077	-0.0042319	-0.17057	0.98488	0.030171	0.0093203	-0.029006	0.99954
3.5224	0.17423	0.63006	0.089811	0.98529	0.17078	-0.0057045	-0.17053	0.98489	0.030301	0.010793	-0.028883	0.99952
3.5324	0.17411	0.63008	0.089805	0.98529	0.17077	-0.006737	-0.1705	0.98489	0.03044	0.011833	-0.028843	0.99951
3.5424	0.17397	0.63009	0.089781	0.98528	0.17078	-0.0078795	-0.17047	0.98489	0.030422	0.012956	-0.028631	0.99951
3.5524	0.17381	0.63011	0.089763	0.98527	0.17077	-0.009345	-0.17042	0.9849	0.030565	0.014423	-0.028522	0.99949
3.5624	0.17365	0.63014	0.089753	0.98525	0.17078	-0.01069	-0.17038	0.9849	0.03073	0.015776	-0.028455	0.99947
3.5724	0.17351	0.63019	0.089762	0.98524	0.17077	-0.011934	-0.17034	0.98489	0.031136	0.017071	-0.028643	0.99944
3.5824	0.17336	0.6302	0.089752	0.98522	0.17077	-0.013237	-0.1703	0.9849	0.031223	0.018369	-0.028508	0.99942
3.5924	0.17322	0.63025	0.089769	0.9852	0.17078	-0.014404	-0.17026	0.98489	0.031615	0.019586	-0.028695	0.9994
3.6024	0.17307	0.63026	0.089751	0.98519	0.17077	-0.015692	-0.17022	0.9849	0.031623	0.020855	-0.028484	0.99938
3.6124	0.17293	0.6303	0.089762	0.98516	0.17077	-0.016945	-0.17017	0.98489	0.031979	0.02215	-0.028621	0.99934
3.6224	0.17278	0.63032	0.089759	0.98514	0.17078	-0.018149	-0.17015	0.9849	0.032081	0.023353	-0.028516	0.99932
3.6324	0.17263	0.63037	0.089786	0.98512	0.17077	-0.019539	-0.17008	0.98489	0.032486	0.024792	-0.028679	0.99928
3.6424	0.17243	0.6304	0.089809	0.98508	0.17077	-0.021319	-0.17003	0.9849	0.032726	0.026586	-0.028613	0.99924
3.6524	0.17228	0.63047	0.089861	0.98505	0.17077	-0.022655	-0.16998	0.98488	0.033348	0.028007	-0.028999	0.99919
3.6625	0.17213	0.63049	0.089866	0.98502	0.17078	-0.023907	-0.16994	0.98489	0.033464	0.029261	-0.0289	0.99915
3.6725	0.172	0.63055	0.089905	0.98499	0.17078	-0.024923	-0.1699	0.98488	0.033946	0.030343	-0.029202	0.99911
3.6825	0.17186	0.63058	0.08991	0.98496	0.17077	-0.026144	-0.16985	0.98488	0.034124	0.031576	-0.02917	0.99908
3.6925	0.17173	0.63065	0.089964	0.98493	0.17079	-0.027195	-0.16981	0.98486	0.034769	0.032722	-0.029627	0.99903
