0	0.22204	0.7048	0.0877	0.99766	0.067383	-0.011374	-0.06581	0.99221	0.10574	0.018411	-0.10475	0.99433
0.0050251	0.22201	0.70478	0.087691	0.99765	0.067597	-0.011488	-0.066019	0.99225	0.10526	0.018514	-0.10425	0.99438
0.01005	0.22199	0.70477	0.087683	0.99763	0.067795	-0.011566	-0.066218	0.99229	0.10474	0.018577	-0.10373	0.99443
0.015075	0.22197	0.70475	0.087678	0.99762	0.067964	-0.011597	-0.066392	0.99234	0.10421	0.01859	-0.10319	0.99449
0.020101	0.22195	0.70474	0.087675	0.99761	0.0681	-0.011579	-0.066539	0.99238	0.10368	0.018552	-0.10267	0.99454
0.025126	0.22193	0.70472	0.087674	0.9976	0.06821	-0.01152	-0.066665	0.99243	0.10317	0.018469	-0.10215	0.9946
0.030151	0.22192	0.70471	0.087674	0.9976	0.068307	-0.011432	-0.06678	0.99247	0.10267	0.018359	-0.10166	0.99465
0.035176	0.2219	0.7047	0.087676	0.99759	0.068401	-0.011342	-0.066891	0.99251	0.1022	0.018248	-0.1012	0.9947
0.040201	0.22189	0.70468	0.087679	0.99759	0.0685	-0.011278	-0.067003	0.99255	0.1018	0.018167	-0.1008	0.99474
0.045226	0.22187	0.70467	0.087682	0.99758	0.068607	-0.011267	-0.067117	0.99257	0.10147	0.018145	-0.10047	0.99478
0.050251	0.22186	0.70466	0.087686	0.99757	0.068722	-0.011328	-0.067229	0.99259	0.10122	0.0182	-0.10022	0.9948
0.055276	0.22185	0.70465	0.087689	0.99756	0.068842	-0.011466	-0.067337	0.9926	0.10108	0.01834	-0.10006	0.99481
0.060302	0.22184	0.70464	0.087693	0.99755	0.068961	-0.011681	-0.067435	0.9926	0.10102	0.018561	-0.099988	0.99482
0.065327	0.22183	0.70463	0.087697	0.99754	0.069077	-0.011967	-0.067522	0.99259	0.10107	0.01886	-0.10001	0.99481
0.070352	0.22181	0.70462	0.087701	0.99753	0.06919	-0.012315	-0.067597	0.99257	0.10121	0.019226	-0.10012	0.99479
0.075377	0.2218	0.70461	0.087705	0.99751	0.069301	-0.012711	-0.067663	0.99254	0.10142	0.019645	-0.10031	0.99476
0.080402	0.22179	0.7046	0.087708	0.9975	0.069409	-0.013138	-0.067722	0.99251	0.10168	0.020097	-0.10054	0.99473
0.085427	0.22178	0.7046	0.087711	0.99749	0.06951	-0.013575	-0.067773	0.99248	0.10196	0.02056	-0.10078	0.9947
0.090452	0.22177	0.70459	0.087713	0.99748	0.069602	-0.014002	-0.067816	0.99245	0.10222	0.021011	-0.10101	0.99466
0.095477	0.22176	0.70459	0.087715	0.99747	0.069683	-0.014405	-0.067851	0.99242	0.10244	0.021435	-0.1012	0.99463
0.1005	0.22175	0.70458	0.087716	0.99745	0.069757	-0.014772	-0.067884	0.9924	0.10262	0.021819	-0.10136	0.99461
0.10553	0.22175	0.70458	0.087716	0.99744	0.06983	-0.015093	-0.067921	0.99238	0.10276	0.022154	-0.10147	0.99459
0.11055	0.22174	0.70457	0.087716	0.99744	0.069909	-0.01536	-0.06797	0.99237	0.10285	0.022432	-0.10154	0.99458
0.11558	0.22173	0.70457	0.087716	0.99743	0.069994	-0.015568	-0.068033	0.99236	0.10291	0.022653	-0.10159	0.99457
0.1206	0.22172	0.70457	0.087715	0.99742	0.070088	-0.015721	-0.068109	0.99235	0.10295	0.022816	-0.10161	0.99456
0.12563	0.22171	0.70457	0.087714	0.99741	0.070185	-0.015824	-0.068195	0.99234	0.10296	0.02293	-0.10162	0.99456
0.13065	0.22171	0.70457	0.087713	0.9974	0.070283	-0.015886	-0.068286	0.99234	0.10297	0.023001	-0.10161	0.99456
0.13568	0.2217	0.70457	0.087712	0.99739	0.070376	-0.015917	-0.068376	0.99233	0.10296	0.023041	-0.1016	0.99456
0.1407	0.2217	0.70458	0.087711	0.99739	0.070457	-0.015925	-0.068456	0.99233	0.10296	0.023057	-0.1016	0.99456
0.14573	0.2217	0.70458	0.087709	0.99738	0.070518	-0.015917	-0.068517	0.99232	0.10297	0.023056	-0.10161	0.99456
0.15075	0.2217	0.70459	0.087708	0.99738	0.070553	-0.015896	-0.068553	0.99232	0.103	0.023041	-0.10164	0.99455
0.15578	0.2217	0.7046	0.087706	0.99738	0.070565	-0.01586	-0.068567	0.99231	0.10306	0.023011	-0.1017	0.99455
0.1608	0.2217	0.7046	0.087704	0.99738	0.070559	-0.015807	-0.068566	0.9923	0.10311	0.022961	-0.10176	0.99454
0.16583	0.2217	0.70461	0.087702	0.99738	0.070544	-0.015731	-0.068557	0.9923	0.10317	0.022887	-0.10182	0.99454
0.17085	0.2217	0.70462	0.0877	0.99739	0.070527	-0.015625	-0.06855	0.9923	0.1032	0.022783	-0.10186	0.99454
0.17588	0.22171	0.70463	0.087698	0.99739	0.070518	-0.015482	-0.068555	0.99229	0.10321	0.022641	-0.10188	0.99454
0.1809	0.22171	0.70463	0.087697	0.99739	0.07052	-0.015296	-0.068578	0.9923	0.10319	0.022455	-0.10187	0.99454
0.18593	0.22171	0.70464	0.087696	0.9974	0.070537	-0.015057	-0.06862	0.9923	0.10311	0.022214	-0.10181	0.99456
0.19095	0.22172	0.70465	0.087695	0.9974	0.070566	-0.014758	-0.068683	0.99231	0.10298	0.021911	-0.1017	0.99457
0.19598	0.22172	0.70466	0.087694	0.9974	0.070603	-0.014392	-0.06876	0.99232	0.1028	0.021539	-0.10154	0.9946
0.20101	0.22173	0.70467	0.087693	0.9974	0.070638	-0.013958	-0.068844	0.99234	0.10256	0.021096	-0.10134	0.99463
0.20603	0.22174	0.70468	0.087693	0.99741	0.070663	-0.013464	-0.068925	0.99236	0.10228	0.020589	-0.10109	0.99466
0.21106	0.22174	0.70469	0.087693	0.99742	0.070671	-0.012925	-0.068993	0.99239	0.10197	0.020033	-0.10082	0.9947
0.21608	0.22175	0.70469	0.087692	0.99742	0.070653	-0.012363	-0.069039	0.99242	0.10167	0.019452	-0.10055	0.99474
0.22111	0.22176	0.7047	0.087692	0.99743	0.070605	-0.011805	-0.069052	0.99245	0.10139	0.018875	-0.10031	0.99478
0.22613	0.22177	0.70471	0.087693	0.99745	0.070529	-0.011283	-0.069033	0.99247	0.10116	0.018333	-0.10012	0.99481
0.23116	0.22178	0.70472	0.087693	0.99746	0.07043	-0.010823	-0.068984	0.99249	0.101	0.017855	-0.099997	0.99483
0.23618	0.22179	0.70473	0.087694	0.99747	0.070322	-0.010441	-0.068915	0.99251	0.1009	0.017459	-0.099927	0.99484
0.24121	0.2218	0.70474	0.087694	0.99748	0.07021	-0.010146	-0.068835	0.99252	0.10086	0.017151	-0.099906	0.99485
0.24623	0.22181	0.70475	0.087695	0.99749	0.070098	-0.0099362	-0.068744	0.99252	0.10087	0.016932	-0.099929	0.99485
0.25126	0.22183	0.70476	0.087695	0.9975	0.069983	-0.0098083	-0.068642	0.99252	0.10092	0.016798	-0.099998	0.99485
0.25628	0.22184	0.70478	0.087696	0.99751	0.069864	-0.0097555	-0.068527	0.99252	0.10104	0.016741	-0.10012	0.99483
0.26131	0.22186	0.70479	0.087696	0.99752	0.069746	-0.0097693	-0.068405	0.99251	0.10121	0.016755	-0.10029	0.99482
0.26633	0.22187	0.7048	0.087695	0.99752	0.069635	-0.0098391	-0.068283	0.99249	0.10145	0.016829	-0.10052	0.99479
0.27136	0.22189	0.70482	0.087694	0.99753	0.069533	-0.0099503	-0.068165	0.99247	0.10175	0.01695	-0.10082	0.99476
0.27638	0.2219	0.70484	0.087692	0.99754	0.069441	-0.010084	-0.068054	0.99244	0.10211	0.017099	-0.10117	0.99472
0.28141	0.22192	0.70486	0.087688	0.99754	0.069358	-0.010219	-0.067951	0.99241	0.10252	0.017252	-0.10157	0.99468
0.28643	0.22194	0.70488	0.087682	0.99754	0.069282	-0.010333	-0.067856	0.99237	0.10294	0.017386	-0.10198	0.99463
0.29146	0.22196	0.7049	0.087675	0.99755	0.069208	-0.010407	-0.067769	0.99234	0.10333	0.017479	-0.10237	0.99459
0.29648	0.22198	0.70492	0.087667	0.99755	0.069134	-0.010425	-0.067687	0.99231	0.10366	0.017511	-0.1027	0.99456
0.30151	0.222	0.70495	0.087657	0.99756	0.069059	-0.010376	-0.067613	0.99229	0.10392	0.017472	-0.10296	0.99453
0.30653	0.22202	0.70497	0.087647	0.99756	0.068987	-0.010255	-0.067551	0.99227	0.10408	0.017356	-0.10314	0.99452
0.31156	0.22204	0.705	0.087638	0.99757	0.068923	-0.010065	-0.067506	0.99227	0.10416	0.017167	-0.10323	0.99451
0.31658	0.22206	0.70502	0.087629	0.99758	0.068871	-0.0098137	-0.06748	0.99227	0.10418	0.016913	-0.10326	0.99451
0.32161	0.22208	0.70505	0.087622	0.99758	0.068834	-0.009511	-0.067475	0.99227	0.10415	0.016606	-0.10325	0.99452
0.32663	0.2221	0.70507	0.087616	0.99759	0.068815	-0.0091731	-0.067491	0.99227	0.1041	0.016266	-0.10323	0.99452
0.33166	0.22211	0.7051	0.087612	0.99759	0.068816	-0.0088218	-0.067529	0.99228	0.10406	0.015914	-0.10321	0.99453
0.33668	0.22212	0.70512	0.08761	0.99759	0.068837	-0.0084819	-0.067586	0.99227	0.10404	0.015578	-0.10322	0.99454
0.34171	0.22213	0.70514	0.087609	0.99759	0.068876	-0.0081756	-0.067655	0.99227	0.10407	0.015281	-0.10327	0.99454
0.34673	0.22213	0.70516	0.087609	0.99759	0.068923	-0.0079226	-0.067727	0.99225	0.10415	0.01504	-0.10337	0.99453
0.35176	0.22214	0.70518	0.087609	0.99759	0.068967	-0.007742	-0.067787	0.99223	0.1043	0.014875	-0.10352	0.99452
0.35678	0.22214	0.7052	0.087608	0.99759	0.068996	-0.0076483	-0.067823	0.99221	0.1045	0.014799	-0.10373	0.9945
0.36181	0.22214	0.70522	0.087606	0.99759	0.069006	-0.0076428	-0.067829	0.99218	0.10478	0.014813	-0.10401	0.99447
0.36683	0.22214	0.70523	0.087603	0.99759	0.068994	-0.0077123	-0.067805	0.99215	0.1051	0.014903	-0.10433	0.99443
0.37186	0.22214	0.70525	0.087598	0.99759	0.068959	-0.0078349	-0.067752	0.99211	0.10545	0.015045	-0.10466	0.99439
0.37688	0.22213	0.70526	0.087593	0.99759	0.068899	-0.0079855	-0.067672	0.99208	0.10579	0.015211	-0.10499	0.99436
0.38191	0.22213	0.70528	0.087587	0.9976	0.068814	-0.0081409	-0.067566	0.99206	0.10609	0.015377	-0.10529	0.99432
0.38693	0.22213	0.70529	0.087581	0.9976	0.068705	-0.0082828	-0.067439	0.99204	0.10635	0.015524	-0.10554	0.99429
0.39196	0.22213	0.7053	0.087575	0.99761	0.068577	-0.0083994	-0.067296	0.99203	0.10655	0.015639	-0.10573	0.99427
0.39698	0.22213	0.70531	0.087569	0.99762	0.068439	-0.0084854	-0.067148	0.99202	0.10669	0.01572	-0.10587	0.99426
0.40201	0.22213	0.70532	0.087565	0.99763	0.068301	-0.008541	-0.067003	0.99202	0.10679	0.015767	-0.10596	0.99425
0.40704	0.22213	0.70533	0.087563	0.99764	0.068168	-0.0085718	-0.066866	0.99202	0.10684	0.015787	-0.10602	0.99424
0.41206	0.22213	0.70534	0.087562	0.99765	0.068043	-0.0085863	-0.06674	0.99203	0.10688	0.01579	-0.10605	0.99424
0.41709	0.22213	0.70534	0.087562	0.99765	0.067927	-0.0085943	-0.066624	0.99203	0.1069	0.015787	-0.10608	0.99423
0.42211	0.22214	0.70535	0.087562	0.99766	0.067822	-0.0086046	-0.066518	0.99204	0.10693	0.015788	-0.10611	0.99423
0.42714	0.22214	0.70535	0.087563	0.99767	0.067733	-0.0086225	-0.066427	0.99204	0.10697	0.0158	-0.10615	0.99422
0.43216	0.22213	0.70536	0.087565	0.99767	0.067663	-0.0086494	-0.066353	0.99204	0.10703	0.015822	-0.1062	0.99422
0.43719	0.22213	0.70536	0.087568	0.99767	0.067616	-0.0086822	-0.066302	0.99204	0.10708	0.015853	-0.10625	0.99421
0.44221	0.22213	0.70537	0.087574	0.99767	0.067594	-0.0087153	-0.066276	0.99204	0.10711	0.015886	-0.10629	0.99421
0.44724	0.22213	0.70538	0.087582	0.99767	0.067602	-0.0087424	-0.066281	0.99203	0.10712	0.015914	-0.10629	0.99421
0.45226	0.22212	0.70538	0.087593	0.99767	0.067643	-0.0087578	-0.06632	0.99204	0.10708	0.015931	-0.10625	0.99421
0.45729	0.22212	0.70539	0.087606	0.99767	0.067721	-0.0087572	-0.0664	0.99204	0.107	0.015934	-0.10617	0.99422
0.46231	0.22211	0.7054	0.08762	0.99766	0.067841	-0.0087366	-0.066524	0.99205	0.10687	0.015917	-0.10603	0.99424
0.46734	0.2221	0.70541	0.087634	0.99765	0.068005	-0.0086897	-0.066695	0.99205	0.1067	0.015876	-0.10586	0.99425
0.47236	0.2221	0.70542	0.087649	0.99763	0.068212	-0.0086101	-0.066912	0.99206	0.1065	0.015806	-0.10567	0.99428
0.47739	0.22209	0.70543	0.087665	0.99762	0.068454	-0.0084952	-0.067168	0.99206	0.10629	0.015704	-0.10547	0.9943
0.48241	0.22208	0.70544	0.08768	0.9976	0.06872	-0.0083512	-0.06745	0.99207	0.10609	0.015575	-0.10527	0.99432
0.48744	0.22207	0.70546	0.087694	0.99758	0.068997	-0.0081923	-0.067745	0.99207	0.10591	0.015434	-0.1051	0.99434
0.49246	0.22206	0.70547	0.087706	0.99757	0.069275	-0.0080367	-0.06804	0.99206	0.10576	0.0153	-0.10496	0.99436
0.49749	0.22205	0.70549	0.087716	0.99755	0.069546	-0.0079033	-0.068326	0.99205	0.10568	0.01519	-0.10488	0.99437
0.50251	0.22204	0.7055	0.087722	0.99753	0.069808	-0.0078083	-0.068596	0.99203	0.10565	0.015121	-0.10486	0.99437
0.50754	0.22204	0.70552	0.087726	0.99751	0.070058	-0.0077606	-0.06885	0.99201	0.10568	0.015102	-0.10488	0.99437
0.51256	0.22203	0.70553	0.087727	0.9975	0.0703	-0.0077588	-0.069089	0.99199	0.10575	0.015131	-0.10495	0.99436
0.51759	0.22202	0.70555	0.087724	0.99748	0.070536	-0.0077962	-0.069319	0.99196	0.10584	0.015199	-0.10503	0.99435
0.52261	0.22201	0.70557	0.087719	0.99746	0.070766	-0.007868	-0.069538	0.99194	0.10593	0.015301	-0.10512	0.99434
0.52764	0.22201	0.70559	0.087712	0.99745	0.070988	-0.0079727	-0.069746	0.99191	0.10604	0.015436	-0.10522	0.99433
0.53266	0.222	0.70561	0.087705	0.99743	0.071199	-0.0081058	-0.06994	0.99188	0.10617	0.015599	-0.10533	0.99431
0.53769	0.22199	0.70564	0.087697	0.99741	0.0714	-0.0082536	-0.070123	0.99186	0.10632	0.015778	-0.10547	0.9943
0.54271	0.22198	0.70567	0.087688	0.9974	0.071596	-0.0083957	-0.070299	0.99183	0.10649	0.015951	-0.10562	0.99428
0.54774	0.22197	0.70571	0.087679	0.99738	0.071786	-0.0085132	-0.070473	0.99179	0.10666	0.0161	-0.10579	0.99426
0.55276	0.22196	0.70574	0.08767	0.99737	0.071967	-0.0085957	-0.070641	0.99176	0.10685	0.016214	-0.10596	0.99424
0.55779	0.22196	0.70578	0.087661	0.99736	0.072132	-0.0086414	-0.070797	0.99173	0.10705	0.016292	-0.10615	0.99422
0.56281	0.22196	0.70583	0.087652	0.99735	0.072269	-0.0086534	-0.070929	0.9917	0.10728	0.016334	-0.10638	0.99419
0.56784	0.22196	0.70587	0.087643	0.99734	0.072364	-0.0086365	-0.071021	0.99166	0.10754	0.016347	-0.10664	0.99416
0.57286	0.22196	0.70592	0.087633	0.99734	0.072401	-0.0085972	-0.071056	0.99162	0.10786	0.016335	-0.10697	0.99413
0.57789	0.22197	0.70597	0.087623	0.99734	0.072367	-0.0085425	-0.071022	0.99158	0.10826	0.016305	-0.10736	0.99409
0.58291	0.22197	0.70602	0.087614	0.99735	0.072255	-0.008474	-0.07091	0.99154	0.10872	0.016258	-0.10783	0.99404
0.58794	0.22199	0.70607	0.087605	0.99736	0.072068	-0.0083832	-0.070726	0.9915	0.10924	0.016185	-0.10836	0.99398
0.59296	0.222	0.70611	0.087596	0.99738	0.071821	-0.0082504	-0.070486	0.99145	0.10978	0.016065	-0.10892	0.99392
0.59799	0.22202	0.70616	0.087587	0.99741	0.071538	-0.0080487	-0.070219	0.99141	0.11031	0.015871	-0.10945	0.99387
0.60302	0.22205	0.7062	0.087578	0.99743	0.071247	-0.0077527	-0.069954	0.99138	0.11077	0.015578	-0.10994	0.99382
0.60804	0.22207	0.70625	0.08757	0.99745	0.070974	-0.0073468	-0.069722	0.99136	0.11113	0.015171	-0.11034	0.99378
0.61307	0.2221	0.70628	0.087562	0.99747	0.070739	-0.0068271	-0.069542	0.99134	0.11139	0.014648	-0.11064	0.99375
0.61809	0.22213	0.70632	0.087553	0.99749	0.070557	-0.0062003	-0.069428	0.99133	0.11155	0.014017	-0.11084	0.99374
0.62312	0.22216	0.70636	0.087544	0.9975	0.070437	-0.0054802	-0.069387	0.99132	0.11163	0.013296	-0.11097	0.99373
0.62814	0.2222	0.70639	0.087536	0.99751	0.070378	-0.0046872	-0.069416	0.99132	0.11166	0.012505	-0.11106	0.99374
0.63317	0.22224	0.70643	0.087527	0.99751	0.070375	-0.0038482	-0.069507	0.99131	0.11167	0.011674	-0.11113	0.99374
0.63819	0.22228	0.70646	0.08752	0.99751	0.070418	-0.002998	-0.069644	0.9913	0.11171	0.010838	-0.11122	0.99374
0.64322	0.22233	0.7065	0.087512	0.99751	0.070494	-0.0021785	-0.069809	0.99127	0.11181	0.010041	-0.11138	0.99373
0.64824	0.22238	0.70654	0.087507	0.9975	0.07059	-0.0014365	-0.069985	0.99124	0.11203	0.0093321	-0.11165	0.9937
0.65327	0.22244	0.70658	0.087502	0.9975	0.0707	-0.00081869	-0.07016	0.99118	0.11242	0.0087597	-0.11208	0.99366
0.65829	0.2225	0.70662	0.087499	0.99749	0.070827	-0.00036961	-0.070332	0.9911	0.11304	0.0083724	-0.11273	0.99359
0.66332	0.22257	0.70667	0.087497	0.99748	0.070984	-0.00013559	-0.070507	0.99098	0.11392	0.0082208	-0.11362	0.99349
0.66834	0.22264	0.70672	0.087498	0.99746	0.071186	-0.00016706	-0.070693	0.99083	0.11512	0.0083606	-0.11482	0.99335
0.67337	0.22272	0.70678	0.0875	0.99744	0.071446	-0.00051354	-0.070898	0.99063	0.11669	0.0088456	-0.11635	0.99317
0.67839	0.2228	0.70683	0.087504	0.99742	0.071774	-0.0012122	-0.071123	0.99039	0.11865	0.0097166	-0.11826	0.99294
0.68342	0.22289	0.70689	0.087508	0.99739	0.072173	-0.0022719	-0.071368	0.99008	0.12101	0.010983	-0.12053	0.99265
0.68844	0.22297	0.70696	0.08751	0.99735	0.072633	-0.003651	-0.071624	0.98973	0.12372	0.0126	-0.12314	0.99231
0.69347	0.22306	0.70702	0.087511	0.99731	0.073131	-0.0052319	-0.071881	0.98934	0.12667	0.01444	-0.12596	0.99193
0.69849	0.22315	0.70709	0.087509	0.99726	0.073629	-0.0068044	-0.072129	0.98893	0.12964	0.016274	-0.12879	0.99154
0.70352	0.22324	0.70717	0.087505	0.99722	0.074077	-0.0080895	-0.07236	0.98856	0.13232	0.017799	-0.13137	0.99117
0.70854	0.22334	0.70724	0.087498	0.99719	0.074425	-0.0088091	-0.072571	0.98826	0.13446	0.018713	-0.13344	0.99088
0.71357	0.22343	0.70732	0.08749	0.99717	0.074633	-0.0087544	-0.072758	0.98806	0.13583	0.018788	-0.13481	0.99069
0.71859	0.22353	0.7074	0.08748	0.99718	0.074672	-0.0078104	-0.072916	0.98798	0.13634	0.017897	-0.13538	0.99063
0.72362	0.22363	0.70748	0.08747	0.9972	0.074526	-0.0059491	-0.073029	0.98802	0.13594	0.016009	-0.13513	0.9907
0.72864	0.22373	0.70757	0.087461	0.99724	0.074193	-0.0032218	-0.073084	0.98819	0.1347	0.013178	-0.13409	0.99088
0.73367	0.22382	0.70765	0.087453	0.99728	0.073692	0.0002353	-0.073069	0.98845	0.13274	0.009549	-0.13239	0.99115
0.73869	0.22392	0.70774	0.087448	0.99732	0.073068	0.0041931	-0.072989	0.98879	0.13027	0.0053724	-0.13022	0.99147
0.74372	0.22401	0.70782	0.087445	0.99734	0.072387	0.0083591	-0.07286	0.98915	0.12756	0.00096569	-0.12783	0.99179
0.74874	0.22411	0.7079	0.087443	0.99735	0.071717	0.012453	-0.07271	0.9895	0.12489	-0.0033655	-0.12547	0.99209
0.75377	0.2242	0.70798	0.08744	0.99733	0.071111	0.016275	-0.072572	0.98982	0.12246	-0.007401	-0.12332	0.99234
0.75879	0.22429	0.70805	0.087435	0.99731	0.070615	0.019716	-0.072482	0.99008	0.12039	-0.011019	-0.1215	0.99253
0.76382	0.22438	0.70811	0.087429	0.99727	0.070268	0.022733	-0.072482	0.99027	0.11877	-0.014166	-0.12009	0.99266
0.76884	0.22446	0.70816	0.087419	0.99722	0.070104	0.025314	-0.072611	0.9904	0.11762	-0.016825	-0.11913	0.99274
0.77387	0.22455	0.70821	0.087406	0.99716	0.070145	0.027455	-0.072894	0.99046	0.11697	-0.018988	-0.11864	0.99276
0.77889	0.22464	0.70825	0.087389	0.99709	0.07039	0.029153	-0.073336	0.99044	0.11683	-0.020651	-0.11863	0.99272
0.78392	0.22473	0.70829	0.087367	0.99703	0.070817	0.030407	-0.073917	0.99035	0.11719	-0.021814	-0.11909	0.99264
0.78894	0.22483	0.70832	0.087342	0.99696	0.071393	0.031212	-0.074605	0.9902	0.11807	-0.022477	-0.12004	0.99251
0.79397	0.22493	0.70835	0.087315	0.9969	0.072088	0.031559	-0.075369	0.98997	0.11946	-0.022631	-0.12147	0.99234
0.79899	0.22503	0.70838	0.087288	0.99685	0.072872	0.031439	-0.076176	0.98968	0.12139	-0.022269	-0.1234	0.99211
0.80402	0.22514	0.70841	0.087262	0.9968	0.073719	0.030861	-0.076998	0.98931	0.12383	-0.021403	-0.12581	0.99182
0.80905	0.22526	0.70844	0.087238	0.99677	0.074598	0.029872	-0.077806	0.98888	0.12675	-0.020085	-0.12866	0.99148
0.81407	0.22538	0.70847	0.087218	0.99674	0.075468	0.028581	-0.078564	0.98839	0.13004	-0.018436	-0.13186	0.9911
0.8191	0.2255	0.7085	0.087203	0.99672	0.076271	0.027177	-0.079234	0.98787	0.13351	-0.016665	-0.13522	0.99067
0.82412	0.22563	0.70852	0.087195	0.9967	0.076937	0.025914	-0.079776	0.98737	0.13689	-0.015055	-0.13851	0.99025
0.82915	0.22577	0.70855	0.087194	0.99668	0.077406	0.025051	-0.080164	0.98691	0.13994	-0.01389	-0.14148	0.98984
0.83417	0.2259	0.70858	0.0872	0.99667	0.077638	0.024774	-0.080388	0.98653	0.14244	-0.013381	-0.14396	0.98949
0.8392	0.22604	0.7086	0.087212	0.99667	0.077619	0.02518	-0.080454	0.98626	0.14428	-0.013635	-0.14583	0.98922
0.84422	0.22617	0.70863	0.08723	0.99666	0.077357	0.026294	-0.080374	0.9861	0.14542	-0.01468	-0.14704	0.98902
0.84925	0.2263	0.70865	0.087253	0.99664	0.076876	0.028099	-0.080171	0.98605	0.14584	-0.016495	-0.14761	0.98891
0.85427	0.22643	0.70867	0.087279	0.99662	0.076205	0.030555	-0.079865	0.98612	0.14559	-0.019036	-0.14754	0.98887
0.8593	0.22656	0.70868	0.087308	0.99659	0.075372	0.033601	-0.07947	0.98628	0.14471	-0.022233	-0.14689	0.9889
0.86432	0.22668	0.7087	0.087339	0.99653	0.074409	0.037146	-0.079002	0.98652	0.14329	-0.025983	-0.14573	0.98898
0.86935	0.22681	0.70871	0.087371	0.99646	0.07336	0.041048	-0.078478	0.98683	0.14146	-0.03013	-0.14418	0.98909
0.87437	0.22693	0.70872	0.087404	0.99636	0.072288	0.045107	-0.07793	0.98717	0.13939	-0.034452	-0.1424	0.98921
0.8794	0.22706	0.70874	0.087438	0.99625	0.071263	0.049095	-0.077404	0.9875	0.13732	-0.038696	-0.14061	0.98931
0.88442	0.22718	0.70875	0.087474	0.99612	0.070353	0.05282	-0.076945	0.98779	0.13543	-0.042647	-0.13897	0.98938
0.88945	0.22731	0.70877	0.08751	0.99599	0.069606	0.056168	-0.076597	0.98804	0.13384	-0.046181	-0.1376	0.98941
0.89447	0.22744	0.70879	0.087547	0.99586	0.069052	0.059106	-0.076392	0.98822	0.1326	-0.049254	-0.13656	0.98941
0.8995	0.22756	0.70881	0.087581	0.99573	0.068704	0.061646	-0.076348	0.98834	0.13171	-0.051879	-0.13585	0.98937
0.90452	0.22769	0.70883	0.087612	0.9956	0.068565	0.063823	-0.076476	0.98841	0.13114	-0.054092	-0.13545	0.98931
0.90955	0.22781	0.70885	0.087638	0.99548	0.068626	0.065686	-0.076775	0.98842	0.13087	-0.055944	-0.13533	0.98922
0.91457	0.22793	0.70887	0.087657	0.99535	0.068871	0.067284	-0.077235	0.98839	0.13086	-0.057491	-0.13545	0.98912
0.9196	0.22804	0.70889	0.087667	0.99523	0.069274	0.068666	-0.077834	0.98832	0.13105	-0.058785	-0.13577	0.98899
0.92462	0.22816	0.70891	0.087669	0.99511	0.069798	0.069869	-0.078541	0.98821	0.13142	-0.059872	-0.13627	0.98886
0.92965	0.22827	0.70893	0.087663	0.99499	0.070404	0.07092	-0.079318	0.98808	0.13193	-0.060786	-0.1369	0.98872
0.93467	0.22837	0.70894	0.08765	0.99488	0.071053	0.07184	-0.080127	0.98793	0.13253	-0.061556	-0.13761	0.98857
0.9397	0.22848	0.70895	0.08763	0.99478	0.07171	0.072644	-0.080931	0.98778	0.13318	-0.062207	-0.13836	0.98843
0.94472	0.22858	0.70896	0.087605	0.99468	0.072346	0.073347	-0.081701	0.98763	0.13382	-0.062758	-0.1391	0.98829
0.94975	0.22868	0.70897	0.087577	0.99459	0.072939	0.073958	-0.082414	0.98749	0.13441	-0.063229	-0.13978	0.98816
0.95477	0.22878	0.70897	0.087547	0.99451	0.073476	0.074491	-0.083056	0.98737	0.13494	-0.063635	-0.14039	0.98805
0.9598	0.22887	0.70898	0.087516	0.99444	0.073956	0.074959	-0.083627	0.98726	0.1354	-0.063991	-0.14091	0.98795
0.96482	0.22896	0.70898	0.087485	0.99438	0.074387	0.075383	-0.084139	0.98716	0.13576	-0.064317	-0.14134	0.98787
0.96985	0.22905	0.70898	0.087455	0.99431	0.074786	0.075796	-0.08461	0.98709	0.13601	-0.064646	-0.14165	0.9878
0.97487	0.22913	0.70898	0.087425	0.99425	0.075169	0.076238	-0.085062	0.98703	0.13613	-0.065017	-0.14184	0.98775
0.9799	0.22921	0.70897	0.087398	0.99418	0.075547	0.076742	-0.085507	0.987	0.13611	-0.065462	-0.14188	0.98772
0.98492	0.22928	0.70896	0.087372	0.99411	0.075918	0.077315	-0.085945	0.98698	0.13593	-0.065989	-0.14178	0.9877
0.98995	0.22935	0.70895	0.087349	0.99404	0.076282	0.077923	-0.086375	0.98698	0.13565	-0.066561	-0.14157	0.98769
0.99497	0.22941	0.70894	0.087328	0.99396	0.076649	0.078492	-0.086799	0.98699	0.13534	-0.067097	-0.14134	0.98769
1	0.22946	0.70893	0.087309	0.9939	0.077034	0.078922	-0.087226	0.98699	0.1351	-0.067488	-0.14116	0.98768
