0	0.21391	0.62822	0.10875	0.99587	0.088806	-0.018966	-0.07806	0.94389	0.3209	0.0464	-0.3181	0.94692
0.010007	0.21382	0.62785	0.10815	0.99587	0.089155	-0.017156	-0.079198	0.94545	0.31599	0.044392	-0.31333	0.94861
0.020013	0.21373	0.62746	0.10755	0.99588	0.089263	-0.01601	-0.079885	0.94703	0.31104	0.042926	-0.30848	0.95026
0.03002	0.21363	0.62707	0.10699	0.99589	0.08916	-0.015977	-0.080007	0.94855	0.30635	0.042469	-0.30381	0.95179
0.040027	0.21352	0.62666	0.1065	0.99587	0.089122	-0.017255	-0.079781	0.94996	0.30201	0.043308	-0.29939	0.95315
0.050034	0.2134	0.62624	0.1061	0.99579	0.089527	-0.019738	-0.079599	0.95114	0.29833	0.045483	-0.29551	0.95426
0.06004	0.21324	0.62583	0.10576	0.99562	0.090582	-0.023295	-0.079694	0.95197	0.29563	0.048954	-0.29247	0.95502
0.070047	0.21301	0.62544	0.1055	0.99537	0.09207	-0.027754	-0.079925	0.95257	0.29362	0.053472	-0.29004	0.95552
0.080054	0.21269	0.62509	0.10529	0.99507	0.093574	-0.032719	-0.080047	0.95319	0.29159	0.058473	-0.28754	0.95598
0.09006	0.21226	0.62476	0.10512	0.99479	0.094757	-0.03755	-0.079976	0.95405	0.28878	0.063188	-0.28427	0.95666
0.10007	0.21168	0.62444	0.105	0.99456	0.09549	-0.041638	-0.079804	0.9553	0.28466	0.066959	-0.27979	0.95772
0.11007	0.21097	0.62414	0.10491	0.99437	0.095986	-0.044898	-0.079761	0.9569	0.27925	0.069767	-0.2741	0.95917
0.12008	0.21011	0.62387	0.10486	0.99415	0.096757	-0.048038	-0.080093	0.9586	0.27327	0.07249	-0.26782	0.96074
0.13009	0.20915	0.62365	0.10485	0.99377	0.098334	-0.052425	-0.080847	0.95999	0.26812	0.076692	-0.26221	0.96196
0.14009	0.20809	0.62347	0.10489	0.99316	0.10085	-0.058861	-0.081852	0.96077	0.26501	0.083277	-0.25838	0.96245
0.1501	0.20699	0.62334	0.10495	0.99236	0.10371	-0.066796	-0.082677	0.96102	0.26383	0.091554	-0.25629	0.96225
0.16011	0.20586	0.62323	0.10504	0.99153	0.10595	-0.075138	-0.082741	0.96112	0.26343	0.10013	-0.25498	0.96175
0.17011	0.20473	0.62315	0.10516	0.99077	0.10708	-0.083147	-0.081867	0.96141	0.26267	0.10807	-0.25344	0.9613
0.18012	0.20363	0.62309	0.10533	0.99004	0.10747	-0.090915	-0.080385	0.96182	0.2616	0.11556	-0.25168	0.96089
0.19013	0.20256	0.62306	0.10554	0.98924	0.10777	-0.098981	-0.078714	0.96214	0.26093	0.12336	-0.25033	0.96027
0.20013	0.2015	0.62306	0.10579	0.98831	0.10826	-0.10731	-0.07711	0.96234	0.26068	0.13149	-0.24936	0.95944
0.21014	0.20046	0.62308	0.10609	0.98734	0.10894	-0.11525	-0.075814	0.96254	0.26034	0.13929	-0.24831	0.95861
0.22015	0.19943	0.6231	0.10641	0.98638	0.10993	-0.12233	-0.075103	0.96278	0.25963	0.14632	-0.24691	0.95793
0.23015	0.1984	0.62313	0.10672	0.98541	0.11137	-0.12867	-0.075061	0.96303	0.25871	0.15273	-0.24528	0.95735
0.24016	0.19739	0.62316	0.10699	0.98437	0.11325	-0.13484	-0.075446	0.96315	0.25815	0.15911	-0.24395	0.95665
0.25017	0.19642	0.6232	0.10724	0.98315	0.11526	-0.14188	-0.075603	0.96306	0.25845	0.16643	-0.24337	0.95555
0.26017	0.19549	0.62326	0.10748	0.98173	0.11682	-0.15017	-0.074829	0.96277	0.25975	0.17493	-0.24377	0.95393
0.27018	0.19462	0.62334	0.1077	0.98033	0.11756	-0.15851	-0.073065	0.96234	0.26183	0.18332	-0.2451	0.95201
0.28019	0.19385	0.62345	0.10791	0.97925	0.11753	-0.16511	-0.070888	0.96185	0.26422	0.18987	-0.24703	0.95023
0.29019	0.19318	0.6236	0.10811	0.97857	0.11712	-0.16935	-0.06897	0.9614	0.26638	0.19401	-0.24899	0.94888
0.3002	0.19261	0.62379	0.10831	0.97817	0.11684	-0.17186	-0.067658	0.96098	0.26823	0.19649	-0.25075	0.9479
0.31021	0.19214	0.62401	0.10853	0.9779	0.11691	-0.17331	-0.066953	0.96048	0.27016	0.19805	-0.25259	0.94709
0.32021	0.19177	0.62427	0.10876	0.97772	0.11723	-0.1741	-0.066564	0.95985	0.27251	0.19906	-0.25485	0.94627
0.33022	0.1915	0.62455	0.10902	0.97754	0.11734	-0.17505	-0.065766	0.95903	0.27557	0.20022	-0.25787	0.94521
0.34023	0.19134	0.62484	0.10932	0.9773	0.11673	-0.17678	-0.063922	0.95809	0.27925	0.20197	-0.26161	0.9438
0.35023	0.19125	0.62518	0.10969	0.97706	0.11533	-0.17904	-0.061135	0.95718	0.28296	0.20401	-0.26552	0.94227
0.36024	0.19121	0.62555	0.11012	0.97692	0.11352	-0.18093	-0.058156	0.95644	0.28607	0.20553	-0.26894	0.94097
0.37025	0.1912	0.62595	0.11059	0.97697	0.11171	-0.18178	-0.055656	0.95592	0.28831	0.20598	-0.27156	0.94012
0.38026	0.19121	0.62637	0.11109	0.97718	0.10995	-0.18174	-0.053601	0.95555	0.28991	0.20554	-0.27355	0.93964
0.39026	0.19124	0.62679	0.11158	0.97747	0.10814	-0.18126	-0.051635	0.9552	0.29141	0.20466	-0.27548	0.93927
0.40027	0.19128	0.62725	0.11211	0.97778	0.10634	-0.18068	-0.049668	0.95478	0.29313	0.20368	-0.27765	0.93884
0.41028	0.19132	0.62775	0.11269	0.978	0.10482	-0.18034	-0.047885	0.95431	0.29497	0.20302	-0.27985	0.93833
0.42028	0.19131	0.62829	0.11334	0.97804	0.10391	-0.18067	-0.046465	0.95374	0.29702	0.20317	-0.2821	0.93762
0.43029	0.19125	0.62887	0.11405	0.9778	0.10383	-0.18199	-0.045386	0.95291	0.29983	0.20456	-0.28491	0.93647
0.4403	0.19112	0.62944	0.11476	0.97733	0.1042	-0.18429	-0.044282	0.95185	0.30334	0.20703	-0.28831	0.93489
0.4503	0.19095	0.62999	0.11544	0.97675	0.10427	-0.18732	-0.042601	0.95072	0.3071	0.21011	-0.29198	0.93306
0.46031	0.19076	0.63054	0.11611	0.9761	0.10376	-0.19092	-0.040117	0.94957	0.31097	0.21356	-0.29588	0.93105
0.47032	0.19056	0.63109	0.11677	0.97539	0.103	-0.19497	-0.037196	0.94839	0.31492	0.21735	-0.29991	0.92888
0.48032	0.19037	0.63166	0.11745	0.97463	0.10252	-0.19895	-0.034494	0.9471	0.31907	0.22114	-0.30411	0.92661
0.49033	0.1902	0.63225	0.11813	0.97387	0.10266	-0.20259	-0.032406	0.9457	0.32342	0.22479	-0.3084	0.92431
0.50034	0.19005	0.63284	0.1188	0.97309	0.10328	-0.20598	-0.030823	0.94424	0.32782	0.22835	-0.31265	0.92201
0.51034	0.18993	0.63343	0.11945	0.9724	0.1039	-0.20893	-0.02933	0.94271	0.33231	0.23149	-0.31701	0.91974
0.52035	0.18986	0.63404	0.1201	0.97189	0.10418	-0.21115	-0.027645	0.94107	0.33709	0.23382	-0.32177	0.91749
0.53036	0.18986	0.63466	0.12072	0.9716	0.10414	-0.21246	-0.025815	0.93923	0.34232	0.2352	-0.32712	0.91525
0.54036	0.18993	0.63528	0.12133	0.97153	0.10388	-0.21294	-0.02389	0.93713	0.34817	0.23572	-0.33317	0.91293
0.55037	0.19004	0.6359	0.12191	0.97157	0.10351	-0.21291	-0.021896	0.93478	0.35454	0.23572	-0.3398	0.91048
0.56038	0.19019	0.6365	0.12248	0.97171	0.10327	-0.21238	-0.020181	0.93234	0.36103	0.23529	-0.34653	0.90805
0.57038	0.19037	0.63709	0.12305	0.97192	0.10353	-0.21132	-0.019244	0.92998	0.36711	0.23453	-0.35273	0.90586
0.58039	0.19056	0.63767	0.12363	0.97205	0.10455	-0.21023	-0.01923	0.92783	0.37249	0.234	-0.35804	0.90391
0.5904	0.19076	0.63823	0.12419	0.97205	0.10633	-0.20933	-0.020103	0.92599	0.37701	0.23392	-0.36226	0.90224
0.6004	0.19095	0.63877	0.12476	0.97205	0.10871	-0.20807	-0.021926	0.92448	0.38059	0.23373	-0.36539	0.90103
0.61041	0.19115	0.63933	0.12533	0.97215	0.1114	-0.20618	-0.024337	0.92302	0.38398	0.23308	-0.36827	0.90003
0.62042	0.19137	0.63991	0.12592	0.97239	0.11393	-0.20368	-0.026619	0.92119	0.3882	0.23185	-0.37206	0.89879
0.63042	0.19163	0.64053	0.12653	0.97281	0.11597	-0.2005	-0.028396	0.91881	0.39367	0.22988	-0.37727	0.89712
0.64043	0.19193	0.64116	0.12714	0.9734	0.11739	-0.19675	-0.029605	0.91601	0.40006	0.22719	-0.3836	0.89512
0.65044	0.19228	0.6418	0.12772	0.97412	0.11808	-0.19276	-0.030166	0.913	0.40684	0.22403	-0.39049	0.89293
0.66044	0.19268	0.64241	0.12827	0.97485	0.1181	-0.18901	-0.02998	0.90984	0.41387	0.22085	-0.3978	0.8905
0.67045	0.19312	0.643	0.12877	0.97558	0.11767	-0.18548	-0.029297	0.90657	0.42103	0.2177	-0.40531	0.88788
0.68046	0.19361	0.64355	0.12921	0.97645	0.11699	-0.18125	-0.028864	0.90348	0.42766	0.21379	-0.41236	0.88558
0.69046	0.19417	0.64406	0.12958	0.97767	0.11619	-0.17508	-0.029519	0.90089	0.43305	0.20804	-0.41821	0.8842
0.70047	0.19481	0.64456	0.12987	0.97926	0.11515	-0.1667	-0.031294	0.89888	0.43707	0.20017	-0.42279	0.88384
0.71048	0.19554	0.64503	0.1301	0.981	0.11373	-0.1572	-0.033468	0.89724	0.44027	0.19111	-0.42664	0.884
0.72048	0.19637	0.64547	0.13032	0.98264	0.11205	-0.14785	-0.03542	0.89564	0.44337	0.1821	-0.43043	0.88406
0.73049	0.19727	0.6459	0.13055	0.98411	0.11012	-0.13926	-0.036769	0.8938	0.44695	0.17369	-0.43473	0.88365
0.7405	0.19823	0.64632	0.13078	0.98548	0.10787	-0.1311	-0.037601	0.89171	0.45104	0.16556	-0.43957	0.88282
0.7505	0.19923	0.64675	0.13101	0.98686	0.10546	-0.12238	-0.038672	0.88972	0.45486	0.15685	-0.44415	0.88211
0.76051	0.20026	0.64719	0.13126	0.98836	0.10286	-0.11206	-0.0406	0.88837	0.45733	0.14659	-0.44746	0.88221
0.77052	0.20126	0.64762	0.13155	0.99007	0.099734	-0.099037	-0.043669	0.88803	0.45771	0.1336	-0.44884	0.88356
0.78052	0.20223	0.64804	0.13186	0.99189	0.096187	-0.083032	-0.047996	0.88865	0.45607	0.11765	-0.44839	0.88606
0.79053	0.20315	0.64844	0.13217	0.9935	0.092986	-0.065566	-0.053336	0.88965	0.45351	0.1005	-0.44707	0.88883
0.80054	0.20401	0.64883	0.13246	0.99463	0.090965	-0.049315	-0.059008	0.89016	0.45182	0.084997	-0.44648	0.89074
0.81054	0.20483	0.64918	0.13271	0.99526	0.090331	-0.035952	-0.064415	0.88965	0.45208	0.072822	-0.44763	0.89125
0.82055	0.20561	0.64947	0.13291	0.99552	0.090915	-0.025756	-0.069349	0.8881	0.45439	0.064186	-0.45058	0.89043
0.83056	0.20638	0.64973	0.13307	0.99558	0.092154	-0.017822	-0.073797	0.88585	0.45807	0.058001	-0.45473	0.88874
0.84056	0.20716	0.64994	0.13319	0.99558	0.093302	-0.010701	-0.077824	0.88341	0.46209	0.052568	-0.45922	0.88677
0.85057	0.20796	0.65013	0.13329	0.99555	0.094101	-0.0038515	-0.081466	0.88096	0.46613	0.047256	-0.46374	0.88471
0.86058	0.20878	0.65031	0.13337	0.99549	0.094807	0.002444	-0.08481	0.87839	0.47035	0.042446	-0.46844	0.88247
0.87058	0.20959	0.6505	0.13344	0.99537	0.095822	0.0079758	-0.088103	0.87565	0.47485	0.038517	-0.47335	0.88003
0.88059	0.21039	0.65067	0.13351	0.99518	0.097211	0.012902	-0.091469	0.87275	0.47952	0.035356	-0.47839	0.87743
0.8906	0.21113	0.65084	0.13358	0.99496	0.098781	0.017486	-0.094867	0.86983	0.48415	0.032615	-0.48336	0.87481
0.9006	0.21181	0.65099	0.13366	0.9947	0.10043	0.021978	-0.098346	0.8672	0.48816	0.029969	-0.48773	0.87248
0.91061	0.21241	0.65112	0.13372	0.99442	0.10208	0.026588	-0.10194	0.86512	0.49109	0.027131	-0.49107	0.8707
0.92062	0.21294	0.65122	0.13374	0.99412	0.10362	0.031366	-0.10558	0.86366	0.4929	0.023986	-0.49331	0.86952
0.93062	0.21345	0.65128	0.13372	0.99382	0.10493	0.036219	-0.10908	0.86272	0.49378	0.020566	-0.49468	0.86883
0.94063	0.21396	0.65129	0.13366	0.99353	0.10586	0.041094	-0.1123	0.86212	0.4941	0.01688	-0.49552	0.86843
0.95064	0.2145	0.65127	0.13358	0.99325	0.10642	0.046089	-0.11525	0.86167	0.49421	0.01288	-0.49618	0.86812
0.96064	0.2151	0.65121	0.13348	0.99296	0.10668	0.051418	-0.11812	0.86124	0.49428	0.0084472	-0.49688	0.86778
0.97065	0.21578	0.65112	0.13337	0.99264	0.10668	0.057311	-0.12105	0.86084	0.49427	0.0033951	-0.49757	0.86742
0.98066	0.21653	0.65099	0.13323	0.99227	0.1064	0.063902	-0.12409	0.86057	0.49398	-0.0024335	-0.49809	0.86712
0.99066	0.21733	0.65082	0.13308	0.99184	0.10583	0.071087	-0.12717	0.86051	0.49331	-0.0089638	-0.49832	0.86694
1.0007	0.21813	0.65061	0.1329	0.99135	0.10514	0.078536	-0.13027	0.86059	0.49235	-0.015823	-0.49833	0.86684
1.0107	0.21891	0.65035	0.13266	0.99081	0.10447	0.08592	-0.13336	0.86082	0.49112	-0.022652	-0.49807	0.86684
1.0207	0.21964	0.65007	0.13233	0.99023	0.10394	0.092952	-0.13635	0.86128	0.48949	-0.029183	-0.49738	0.86704
1.0307	0.22031	0.64976	0.13192	0.98965	0.10356	0.099388	-0.13914	0.86209	0.48727	-0.035222	-0.49606	0.86757
1.0407	0.22095	0.64941	0.13147	0.98909	0.10323	0.10513	-0.1416	0.86324	0.48453	-0.040731	-0.49413	0.86843
1.0507	0.22156	0.649	0.13103	0.98856	0.10285	0.11031	-0.14369	0.86451	0.48163	-0.045832	-0.49198	0.8694
1.0607	0.22217	0.64855	0.13064	0.98806	0.10229	0.11523	-0.14547	0.86574	0.47889	-0.050773	-0.48994	0.87028
1.0707	0.22281	0.64805	0.13029	0.98757	0.10149	0.12005	-0.14699	0.86688	0.47635	-0.05572	-0.48807	0.87102
1.0807	0.22348	0.64755	0.12997	0.98709	0.10049	0.12472	-0.14824	0.86803	0.47387	-0.060638	-0.48624	0.87172
1.0907	0.22419	0.64704	0.12964	0.98667	0.099185	0.12902	-0.14901	0.86932	0.47126	-0.065418	-0.4842	0.87251
1.1007	0.22493	0.64656	0.12928	0.98633	0.097499	0.13286	-0.14917	0.87088	0.46831	-0.070045	-0.48172	0.87352
1.1107	0.22567	0.64609	0.12887	0.98601	0.095532	0.13656	-0.14896	0.87269	0.46501	-0.074755	-0.47884	0.87471
1.1208	0.2264	0.64562	0.12841	0.98564	0.093499	0.14061	-0.14879	0.87461	0.46142	-0.07984	-0.47572	0.87596
1.1308	0.22711	0.64513	0.1279	0.98517	0.091484	0.14513	-0.1488	0.87672	0.45741	-0.085395	-0.47223	0.87733
1.1408	0.22779	0.6446	0.12731	0.98462	0.089564	0.15	-0.14895	0.87903	0.45289	-0.091288	-0.46827	0.87886
1.1508	0.22844	0.64402	0.12665	0.98398	0.087978	0.15507	-0.14942	0.8814	0.44811	-0.097253	-0.4641	0.88043
1.1608	0.22905	0.64339	0.12591	0.98326	0.086911	0.16013	-0.1503	0.88371	0.44325	-0.10299	-0.45989	0.88198
1.1708	0.22959	0.64272	0.12514	0.98249	0.086456	0.16502	-0.15158	0.88593	0.43834	-0.1083	-0.45568	0.88353
1.1808	0.23006	0.64204	0.12437	0.98167	0.086587	0.16976	-0.15327	0.8881	0.43334	-0.11325	-0.45142	0.8851
1.1908	0.23046	0.64136	0.12362	0.98079	0.086969	0.17458	-0.15514	0.89034	0.42804	-0.11821	-0.4469	0.88674
1.2008	0.23079	0.64068	0.12287	0.97987	0.087281	0.17955	-0.1569	0.89277	0.42231	-0.12343	-0.44198	0.88849
1.2108	0.23105	0.64	0.12212	0.97889	0.087718	0.18461	-0.15873	0.89528	0.41627	-0.12876	-0.43679	0.8903
1.2208	0.23127	0.63932	0.12137	0.97783	0.088785	0.18966	-0.16105	0.89773	0.41005	-0.13386	-0.4315	0.89212
1.2308	0.23148	0.63862	0.1206	0.97672	0.090649	0.19441	-0.16389	0.90008	0.40372	-0.13839	-0.42619	0.89399
1.2408	0.23169	0.63789	0.11982	0.97567	0.092703	0.19868	-0.1667	0.90228	0.39762	-0.1424	-0.42107	0.89578
1.2508	0.23189	0.63717	0.11904	0.97477	0.094083	0.20243	-0.16871	0.90433	0.39209	-0.14618	-0.41634	0.89738
1.2608	0.23206	0.63648	0.11828	0.97405	0.094568	0.20564	-0.16971	0.90629	0.38708	-0.14977	-0.41193	0.89882
1.2709	0.23215	0.63582	0.11752	0.97343	0.094828	0.20842	-0.17031	0.90824	0.38221	-0.15305	-0.40756	0.90026
1.2809	0.23214	0.63518	0.11677	0.97279	0.095664	0.21102	-0.17132	0.91016	0.37717	-0.15598	-0.40306	0.90178
1.2909	0.23204	0.63456	0.11604	0.97208	0.097399	0.21349	-0.17304	0.91204	0.3718	-0.1585	-0.39836	0.90343
1.3009	0.23182	0.63398	0.11534	0.97131	0.1001	0.21572	-0.17549	0.91387	0.36613	-0.16049	-0.39348	0.90522
1.3109	0.2315	0.63344	0.11467	0.97051	0.10371	0.2176	-0.17865	0.91551	0.36045	-0.16183	-0.3887	0.90704
1.3209	0.23108	0.63296	0.11404	0.96968	0.10791	0.21925	-0.18233	0.91687	0.35511	-0.16271	-0.38432	0.90875
1.3309	0.23057	0.63256	0.11346	0.96877	0.11228	0.22109	-0.18627	0.91805	0.34998	-0.16367	-0.38024	0.91029
1.3409	0.23	0.63221	0.11294	0.96778	0.11647	0.22326	-0.1902	0.91912	0.34501	-0.16502	-0.37636	0.91166
1.3509	0.22939	0.63191	0.11249	0.96692	0.12008	0.22503	-0.19358	0.91996	0.34088	-0.16609	-0.37317	0.91278
1.3609	0.22878	0.63166	0.11211	0.96644	0.12295	0.22554	-0.19602	0.92043	0.3382	-0.16602	-0.37106	0.91365
1.3709	0.2282	0.63146	0.1118	0.96635	0.12502	0.2248	-0.19743	0.9207	0.33665	-0.16489	-0.36971	0.9144
1.3809	0.22771	0.63128	0.11152	0.96651	0.12638	0.22336	-0.19791	0.92112	0.33522	-0.16337	-0.36819	0.91528
1.3909	0.22731	0.6311	0.11122	0.96681	0.12726	0.22155	-0.19768	0.92193	0.33312	-0.16186	-0.36586	0.91649
1.4009	0.22699	0.63091	0.1109	0.96722	0.1279	0.21937	-0.19698	0.92308	0.33034	-0.16025	-0.36273	0.91801
1.4109	0.22672	0.6307	0.11055	0.96776	0.12845	0.21664	-0.19597	0.92436	0.32735	-0.15821	-0.35926	0.91973
1.421	0.22642	0.63048	0.11019	0.96842	0.12896	0.21339	-0.19477	0.92561	0.32451	-0.15567	-0.35583	0.9215
1.431	0.22603	0.63024	0.10982	0.96916	0.12943	0.20971	-0.19343	0.92679	0.32194	-0.15269	-0.35258	0.92324
1.441	0.22549	0.63	0.10947	0.96993	0.12999	0.20576	-0.19214	0.9279	0.31952	-0.14939	-0.34944	0.92497
1.451	0.2248	0.62976	0.10914	0.97062	0.13101	0.20181	-0.1913	0.92892	0.31704	-0.14593	-0.34633	0.92669
1.461	0.22396	0.62952	0.10884	0.97112	0.13278	0.19824	-0.19132	0.92979	0.31445	-0.14257	-0.3433	0.92834
1.471	0.22301	0.6293	0.10852	0.97135	0.13533	0.19534	-0.19235	0.93044	0.31189	-0.13954	-0.34053	0.92982
1.481	0.222	0.6291	0.10817	0.97135	0.13849	0.19313	-0.19428	0.9308	0.30963	-0.13689	-0.33828	0.93103
1.491	0.221	0.6289	0.1078	0.97126	0.14182	0.19116	-0.19656	0.93084	0.30808	-0.13425	-0.3368	0.93196
1.501	0.22004	0.62869	0.10741	0.97133	0.14463	0.18869	-0.1983	0.93067	0.30745	-0.13115	-0.33605	0.93267
1.511	0.21917	0.62847	0.10701	0.97172	0.14646	0.18524	-0.19888	0.93051	0.30756	-0.12732	-0.33571	0.93332
1.521	0.21842	0.62823	0.10662	0.97235	0.14744	0.18109	-0.1984	0.93059	0.30763	-0.12316	-0.33505	0.93411
1.531	0.21776	0.62801	0.10627	0.97306	0.14795	0.17679	-0.19732	0.93108	0.30686	-0.11921	-0.33348	0.93519
1.541	0.21716	0.62781	0.10598	0.97383	0.14822	0.1723	-0.19584	0.93192	0.30524	-0.11532	-0.331	0.93656
1.551	0.2166	0.62763	0.10577	0.97478	0.1482	0.16684	-0.19378	0.93293	0.30348	-0.11067	-0.32816	0.93812
1.561	0.21606	0.62745	0.10566	0.976	0.14778	0.15993	-0.19093	0.93394	0.30218	-0.10471	-0.32546	0.93974
1.5711	0.21553	0.62727	0.10561	0.97737	0.14709	0.15201	-0.18757	0.93488	0.30137	-0.097779	-0.32306	0.94131
1.5811	0.21502	0.6271	0.10561	0.97866	0.14653	0.14404	-0.18437	0.93571	0.30075	-0.090714	-0.32089	0.94276
1.5911	0.21455	0.62695	0.1056	0.97973	0.14627	0.1369	-0.18173	0.93648	0.29997	-0.08433	-0.31877	0.94407
1.6011	0.21411	0.62684	0.10555	0.98056	0.14609	0.13098	-0.17956	0.93723	0.29894	-0.079089	-0.31665	0.94524
1.6111	0.21372	0.62676	0.10544	0.98121	0.14573	0.12643	-0.17768	0.93797	0.29772	-0.075204	-0.31459	0.94624
1.6211	0.21334	0.6267	0.10529	0.98169	0.14526	0.12324	-0.1761	0.93869	0.29638	-0.072635	-0.31266	0.94709
1.6311	0.21297	0.62665	0.10511	0.9821	0.14471	0.12057	-0.17466	0.93933	0.29523	-0.070534	-0.311	0.94779
1.6411	0.21257	0.62661	0.1049	0.98261	0.14434	0.11679	-0.17311	0.93962	0.2952	-0.06713	-0.31029	0.94827
1.6511	0.21216	0.62657	0.10471	0.98331	0.14438	0.11073	-0.17138	0.93938	0.29697	-0.061141	-0.31099	0.94844
1.6611	0.21171	0.62654	0.10455	0.98409	0.14487	0.10288	-0.16955	0.93881	0.29981	-0.053153	-0.31249	0.94843
1.6711	0.21124	0.6265	0.10443	0.98478	0.14567	0.094823	-0.16789	0.93839	0.30206	-0.04498	-0.31338	0.94856
1.6811	0.21074	0.62646	0.10435	0.98527	0.14663	0.087973	-0.16667	0.9385	0.3024	-0.038222	-0.31261	0.94911
1.6911	0.21023	0.62642	0.10434	0.98555	0.14765	0.083011	-0.16602	0.93928	0.30033	-0.033625	-0.30977	0.95022
1.7011	0.20972	0.62637	0.10439	0.98565	0.14864	0.079971	-0.16587	0.94069	0.29595	-0.031239	-0.30497	0.95185
1.7111	0.20921	0.62631	0.1045	0.98564	0.14949	0.078478	-0.16602	0.94261	0.28968	-0.030671	-0.29855	0.9539
1.7212	0.20873	0.62626	0.10464	0.98561	0.15014	0.077645	-0.16617	0.94479	0.2824	-0.030958	-0.29124	0.95615
1.7312	0.2083	0.62624	0.10473	0.98569	0.15055	0.07578	-0.16582	0.94675	0.27599	-0.030196	-0.2846	0.95817
1.7412	0.20791	0.62628	0.10473	0.98604	0.15059	0.071018	-0.16441	0.94798	0.27258	-0.026276	-0.28045	0.95951
1.7512	0.20756	0.62637	0.10469	0.98667	0.15026	0.062498	-0.16171	0.94826	0.27321	-0.018212	-0.27968	0.95992
1.7612	0.20721	0.62648	0.10464	0.98741	0.1498	0.050658	-0.158	0.94768	0.27738	-0.0064546	-0.2819	0.95942
1.7712	0.20686	0.62658	0.10465	0.98802	0.14967	0.03741	-0.15411	0.94663	0.28307	0.0069534	-0.28545	0.95836
1.7812	0.20647	0.62664	0.10473	0.98835	0.15008	0.025059	-0.15089	0.9456	0.28821	0.019559	-0.28864	0.95723
1.7912	0.20605	0.62666	0.10491	0.98844	0.15088	0.014722	-0.14856	0.94475	0.29218	0.030175	-0.29099	0.95625
1.8012	0.20562	0.62665	0.10516	0.98839	0.15181	0.0064539	-0.14694	0.9441	0.29511	0.038708	-0.29263	0.95544
1.8112	0.20517	0.62664	0.10544	0.98826	0.1528	-0.00019719	-0.14583	0.94359	0.29728	0.04561	-0.29376	0.95479
1.8212	0.20472	0.62669	0.10566	0.98808	0.15382	-0.0057181	-0.14511	0.9432	0.29885	0.051364	-0.29446	0.95428
1.8312	0.20425	0.62683	0.10577	0.98788	0.15485	-0.010669	-0.14456	0.94291	0.30004	0.05652	-0.29486	0.95387
1.8412	0.20377	0.627	0.10578	0.98767	0.15576	-0.015627	-0.14389	0.94265	0.30119	0.061643	-0.29523	0.95344
1.8512	0.20325	0.62715	0.10578	0.98748	0.15637	-0.02096	-0.1428	0.94237	0.30255	0.067061	-0.29577	0.9529
1.8612	0.2027	0.62723	0.10584	0.98732	0.15649	-0.026731	-0.14109	0.94212	0.30415	0.072779	-0.29652	0.95225
1.8713	0.20212	0.62723	0.10602	0.98721	0.15601	-0.032721	-0.13871	0.94191	0.30589	0.078543	-0.29744	0.9515
1.8813	0.20153	0.62722	0.1063	0.98717	0.15495	-0.038637	-0.13579	0.94179	0.30755	0.084041	-0.29835	0.95075
1.8913	0.20095	0.62725	0.10659	0.98715	0.1535	-0.044363	-0.1326	0.9419	0.30861	0.089158	-0.29876	0.95015
1.9013	0.20039	0.62736	0.10687	0.98711	0.15201	-0.049977	-0.12951	0.94239	0.30843	0.093983	-0.29798	0.94993
1.9113	0.19986	0.62754	0.10711	0.98703	0.15071	-0.055357	-0.12683	0.94331	0.30673	0.098446	-0.29573	0.95018
1.9213	0.19934	0.62777	0.10733	0.98692	0.14961	-0.060095	-0.12467	0.9445	0.30394	0.10223	-0.29247	0.95079
1.9313	0.19882	0.628	0.10755	0.98683	0.14868	-0.063715	-0.12303	0.94563	0.30107	0.10501	-0.28926	0.95147
1.9413	0.19827	0.62821	0.10781	0.98675	0.14804	-0.066343	-0.12186	0.94635	0.29928	0.10709	-0.28723	0.95186
1.9513	0.19769	0.62837	0.10814	0.98656	0.14795	-0.069282	-0.12088	0.94637	0.29962	0.1099	-0.28722	0.95154
1.9613	0.19709	0.6285	0.10851	0.98611	0.14854	-0.074243	-0.11968	0.94566	0.30232	0.11512	-0.28924	0.95031
1.9713	0.19647	0.62863	0.1089	0.98534	0.14969	-0.081831	-0.11805	0.94455	0.30642	0.12316	-0.29227	0.94837
1.9813	0.19585	0.62878	0.10926	0.98435	0.15099	-0.09086	-0.11605	0.94344	0.31058	0.13262	-0.29517	0.94619
1.9913	0.19526	0.62895	0.10958	0.98343	0.15183	-0.099077	-0.11389	0.94257	0.314	0.14106	-0.29751	0.94424
2.0013	0.1947	0.62913	0.10984	0.98279	0.15203	-0.10493	-0.11191	0.94194	0.3166	0.14697	-0.2994	0.94274
2.0113	0.19418	0.62933	0.11007	0.98245	0.152	-0.10815	-0.11059	0.94144	0.31853	0.15023	-0.30098	0.94172
2.0214	0.19369	0.62956	0.11028	0.98227	0.15221	-0.10939	-0.11019	0.94102	0.31991	0.15164	-0.30219	0.94111
2.0314	0.19323	0.62982	0.1105	0.98209	0.15301	-0.10991	-0.11064	0.94064	0.32087	0.15248	-0.30296	0.94073
2.0414	0.19278	0.6301	0.11074	0.98173	0.15446	-0.11109	-0.11153	0.94025	0.32169	0.15414	-0.30342	0.94031
2.0514	0.19233	0.6304	0.11104	0.98116	0.15627	-0.11357	-0.11238	0.93991	0.32239	0.15712	-0.30355	0.93977
2.0614	0.19187	0.63069	0.11139	0.98049	0.15791	-0.11703	-0.11282	0.93974	0.32274	0.16094	-0.30324	0.93922
2.0714	0.19142	0.63096	0.11178	0.97985	0.15905	-0.1208	-0.11273	0.93971	0.32285	0.16487	-0.30272	0.93871
2.0814	0.19103	0.63122	0.11215	0.97937	0.15957	-0.12401	-0.1122	0.93969	0.32311	0.16809	-0.30253	0.9382
2.0914	0.19075	0.63149	0.11251	0.97915	0.15944	-0.12584	-0.11135	0.93949	0.32396	0.16988	-0.3032	0.93766
2.1014	0.19063	0.63178	0.11285	0.9793	0.15853	-0.12587	-0.11019	0.93912	0.32545	0.1698	-0.30484	0.93714
2.1114	0.1907	0.63209	0.11317	0.9798	0.15662	-0.12434	-0.10852	0.93868	0.32727	0.16797	-0.30716	0.93672
2.1214	0.191	0.63242	0.11348	0.98053	0.15367	-0.12221	-0.10601	0.93828	0.32923	0.16526	-0.30986	0.93631
2.1314	0.19149	0.63274	0.11379	0.98126	0.15015	-0.12078	-0.10266	0.93778	0.33172	0.16308	-0.3131	0.93561
2.1414	0.19216	0.63306	0.11412	0.98179	0.14678	-0.12064	-0.098866	0.93691	0.33531	0.16224	-0.31727	0.93435
2.1514	0.19294	0.63337	0.11447	0.98214	0.14379	-0.12132	-0.094959	0.93557	0.34012	0.16241	-0.32253	0.93252
2.1614	0.19374	0.63367	0.11482	0.98248	0.14089	-0.12196	-0.091037	0.93396	0.34557	0.1626	-0.32841	0.93043
2.1715	0.19451	0.63398	0.11514	0.9829	0.13788	-0.12208	-0.087238	0.9324	0.35074	0.16219	-0.33409	0.92848
2.1815	0.19521	0.63429	0.11544	0.98337	0.13488	-0.12162	-0.0838	0.93109	0.35502	0.16112	-0.33893	0.92691
2.1915	0.1958	0.63464	0.11573	0.98384	0.13226	-0.12066	-0.081078	0.93005	0.35837	0.15962	-0.3428	0.92575
2.2015	0.19627	0.63501	0.11602	0.98429	0.13027	-0.11917	-0.079223	0.92908	0.3613	0.15778	-0.34618	0.9248
2.2115	0.19665	0.6354	0.11635	0.98475	0.12871	-0.11705	-0.07795	0.92792	0.36454	0.15553	-0.34986	0.9238
2.2215	0.19698	0.63581	0.11673	0.98526	0.12716	-0.11442	-0.076784	0.92647	0.36844	0.15286	-0.35423	0.92258
2.2315	0.19729	0.63623	0.11716	0.98581	0.12536	-0.11164	-0.075413	0.92489	0.37268	0.14997	-0.35897	0.92122
2.2415	0.19762	0.63665	0.1176	0.98635	0.12324	-0.10919	-0.073679	0.9234	0.3767	0.14725	-0.36351	0.91988
2.2515	0.19797	0.63709	0.11802	0.98682	0.12084	-0.1076	-0.071448	0.92209	0.38031	0.14517	-0.36761	0.91858
2.2615	0.19829	0.63752	0.1184	0.98718	0.11842	-0.10701	-0.068899	0.92094	0.38356	0.14398	-0.37127	0.91729
2.2715	0.19858	0.63789	0.1188	0.98741	0.1164	-0.10713	-0.066487	0.91984	0.38663	0.14355	-0.37464	0.91599
2.2815	0.1988	0.63823	0.11923	0.98752	0.11511	-0.10745	-0.064656	0.91861	0.38984	0.14358	-0.37803	0.91459
2.2915	0.19895	0.63855	0.11967	0.98755	0.11461	-0.10774	-0.063513	0.91714	0.39346	0.14391	-0.38172	0.913
2.3015	0.19903	0.63888	0.1201	0.98751	0.11477	-0.10793	-0.062958	0.91547	0.39742	0.14442	-0.38567	0.91127
2.3116	0.19906	0.63924	0.12051	0.98745	0.11537	-0.10788	-0.062895	0.9137	0.40148	0.14489	-0.38966	0.90949
2.3216	0.19904	0.63963	0.12091	0.9874	0.11615	-0.10749	-0.06312	0.91188	0.40557	0.14512	-0.39367	0.90772
2.3316	0.199	0.64003	0.12129	0.98741	0.11672	-0.10677	-0.063274	0.91004	0.40966	0.14498	-0.39774	0.90597
2.3416	0.19896	0.64046	0.12166	0.9875	0.11676	-0.10591	-0.063048	0.90831	0.41352	0.14449	-0.40167	0.90432
2.3516	0.19892	0.64091	0.12204	0.98763	0.11635	-0.10514	-0.062466	0.90685	0.41679	0.14385	-0.40506	0.9029
2.3616	0.1989	0.64138	0.12244	0.98775	0.11592	-0.10444	-0.061941	0.90569	0.41939	0.14321	-0.40779	0.90178
2.3716	0.1989	0.64189	0.12285	0.98784	0.11592	-0.10362	-0.061932	0.90464	0.42165	0.14262	-0.41011	0.90082
2.3816	0.19892	0.6424	0.12328	0.98788	0.11657	-0.10252	-0.062599	0.90346	0.42408	0.14206	-0.41252	0.8998
2.3916	0.19896	0.64289	0.12368	0.98789	0.11768	-0.10113	-0.063716	0.90195	0.42711	0.14148	-0.41549	0.89853
2.4016	0.19901	0.64336	0.12403	0.98792	0.11879	-0.099477	-0.06485	0.9001	0.43083	0.14072	-0.41918	0.89693
2.4116	0.19908	0.64377	0.12432	0.98804	0.11946	-0.097506	-0.065646	0.89801	0.43505	0.13953	-0.42344	0.89511
2.4216	0.19919	0.64411	0.12457	0.98826	0.11941	-0.095305	-0.06586	0.89583	0.43948	0.13786	-0.42805	0.89318
2.4316	0.19936	0.6444	0.12477	0.98859	0.11858	-0.09288	-0.065524	0.8938	0.44365	0.13562	-0.4325	0.89137
2.4416	0.1996	0.64464	0.12494	0.98903	0.11715	-0.089973	-0.065022	0.89219	0.44695	0.13263	-0.4362	0.89002
2.4516	0.19994	0.64484	0.1251	0.98954	0.11547	-0.086465	-0.064753	0.89115	0.44906	0.12891	-0.43876	0.88931
2.4617	0.2004	0.64503	0.12526	0.9901	0.11376	-0.082259	-0.06498	0.89078	0.44977	0.12444	-0.43997	0.88935
2.4717	0.20098	0.64519	0.12542	0.99074	0.11188	-0.076955	-0.065753	0.8911	0.44901	0.11881	-0.43979	0.8902
2.4817	0.20166	0.64534	0.12559	0.99155	0.10931	-0.06976	-0.06691	0.89213	0.44679	0.11107	-0.43835	0.89191
2.4917	0.20244	0.64548	0.12574	0.9926	0.1056	-0.059843	-0.068367	0.89382	0.44318	0.10029	-0.43581	0.89443
2.5017	0.20328	0.64561	0.12587	0.99375	0.10106	-0.047272	-0.070261	0.896	0.43846	0.086668	-0.4324	0.8975
2.5117	0.20415	0.64573	0.12599	0.99473	0.09675	-0.033802	-0.07261	0.89811	0.43374	0.072321	-0.429	0.9004
2.5217	0.20501	0.64584	0.12607	0.99536	0.093663	-0.021685	-0.075258	0.89945	0.43049	0.059825	-0.42686	0.90233
2.5317	0.20584	0.64591	0.12611	0.99568	0.092024	-0.011794	-0.078073	0.89976	0.42934	0.050122	-0.42657	0.90306
2.5417	0.20662	0.64596	0.12611	0.99581	0.091396	-0.0039356	-0.080825	0.89914	0.43013	0.042851	-0.428	0.90276
2.5517	0.20736	0.64598	0.12606	0.99584	0.091126	0.0024712	-0.083239	0.89792	0.43221	0.037167	-0.43062	0.90177
2.5617	0.20806	0.64597	0.12596	0.99586	0.090574	0.008151	-0.085095	0.89648	0.43484	0.032078	-0.43373	0.90047
2.5717	0.20875	0.64592	0.12584	0.9959	0.089473	0.013623	-0.086404	0.89513	0.43735	0.026937	-0.43673	0.89919
2.5817	0.20944	0.64587	0.12571	0.99592	0.088162	0.019027	-0.087538	0.89405	0.43932	0.02172	-0.4392	0.89813
2.5917	0.21012	0.64583	0.12559	0.99588	0.087342	0.024271	-0.089078	0.8932	0.44075	0.016817	-0.4411	0.8973
2.6017	0.21078	0.64579	0.12551	0.99574	0.087408	0.029251	-0.091319	0.89246	0.44179	0.01251	-0.44258	0.89664
2.6118	0.21143	0.64577	0.12547	0.99553	0.088143	0.033956	-0.094053	0.89179	0.44257	0.0087281	-0.44379	0.89609
2.6218	0.21207	0.64576	0.12548	0.99528	0.089141	0.038353	-0.096895	0.8911	0.44333	0.0053429	-0.44496	0.89554
2.6318	0.21271	0.64576	0.12552	0.99502	0.090194	0.042507	-0.099684	0.89032	0.4443	0.0022287	-0.44632	0.89487
2.6418	0.21334	0.64577	0.12558	0.99474	0.091261	0.046547	-0.10244	0.88936	0.44559	-0.00073177	-0.44802	0.89403
2.6518	0.21396	0.64578	0.12564	0.99444	0.092401	0.050515	-0.10525	0.88825	0.44715	-0.0035524	-0.44998	0.89303
2.6618	0.21456	0.64578	0.12569	0.99412	0.09361	0.054508	-0.10814	0.88715	0.44863	-0.0063607	-0.45188	0.89205
2.6718	0.21513	0.64576	0.12571	0.99376	0.094854	0.058613	-0.11111	0.88626	0.44967	-0.009293	-0.45337	0.89127
2.6818	0.21566	0.64572	0.12571	0.99338	0.096192	0.062714	-0.11418	0.88559	0.45022	-0.012231	-0.4544	0.89071
2.6918	0.21615	0.64567	0.12569	0.99299	0.097562	0.066647	-0.11719	0.88508	0.45044	-0.015042	-0.45509	0.89032
2.7018	0.21659	0.6456	0.12566	0.99262	0.098725	0.070437	-0.11995	0.88475	0.45037	-0.017856	-0.4555	0.89006
2.7118	0.21698	0.6455	0.1256	0.99225	0.099604	0.074219	-0.12246	0.88459	0.45	-0.020832	-0.4556	0.88994
2.7218	0.21732	0.64537	0.12552	0.99189	0.1003	0.078073	-0.12482	0.8846	0.44933	-0.023996	-0.45543	0.88995
2.7318	0.2176	0.64521	0.12541	0.99152	0.10087	0.081987	-0.12708	0.88478	0.44835	-0.027315	-0.45497	0.89009
2.7418	0.21785	0.64501	0.12527	0.99114	0.10128	0.085878	-0.12918	0.88516	0.447	-0.030745	-0.45414	0.8904
2.7518	0.21808	0.64479	0.12509	0.99079	0.10149	0.089613	-0.131	0.88579	0.44522	-0.034194	-0.45286	0.89093
2.7619	0.2183	0.64456	0.12485	0.99047	0.10154	0.093046	-0.13251	0.88662	0.4431	-0.037507	-0.45121	0.89163
2.7719	0.21854	0.64434	0.12455	0.99018	0.10154	0.096059	-0.13378	0.88756	0.44083	-0.040497	-0.44935	0.89244
2.7819	0.21881	0.64413	0.1242	0.98992	0.10164	0.098657	-0.13494	0.88855	0.43848	-0.043094	-0.44737	0.89331
2.7919	0.21912	0.6439	0.12385	0.98964	0.10193	0.10112	-0.13617	0.88955	0.43607	-0.045506	-0.44532	0.89421
2.8019	0.21948	0.64364	0.12351	0.98931	0.10233	0.1039	-0.13766	0.89048	0.4337	-0.048137	-0.44337	0.89505
2.8119	0.21989	0.64334	0.12319	0.98892	0.10264	0.10728	-0.13931	0.89135	0.43138	-0.051349	-0.44155	0.89577
2.8219	0.22034	0.643	0.12286	0.98849	0.10255	0.11119	-0.14081	0.89231	0.4289	-0.055239	-0.43962	0.89648
2.8319	0.22084	0.64263	0.12249	0.9881	0.10184	0.11524	-0.14178	0.89352	0.42604	-0.059584	-0.43731	0.89733
2.8419	0.22136	0.64223	0.12206	0.98781	0.10036	0.11899	-0.14188	0.89494	0.42303	-0.064032	-0.43476	0.89827
2.8519	0.22187	0.64183	0.12159	0.98764	0.098179	0.12218	-0.1411	0.89634	0.42031	-0.068247	-0.43235	0.89912
2.8619	0.22236	0.64141	0.12106	0.98754	0.09575	0.12492	-0.1399	0.89763	0.41795	-0.07211	-0.43022	0.89984
2.8719	0.22284	0.64095	0.12049	0.98739	0.093615	0.12766	-0.13894	0.89894	0.41546	-0.075862	-0.42796	0.90061
2.8819	0.22329	0.64043	0.11987	0.98713	0.092026	0.13076	-0.13856	0.90047	0.41225	-0.079811	-0.42506	0.90164
2.8919	0.22375	0.63986	0.1192	0.98678	0.090925	0.13417	-0.13863	0.90235	0.4081	-0.083963	-0.4213	0.90302
2.9019	0.22421	0.63924	0.11844	0.98637	0.09014	0.13762	-0.13891	0.90453	0.40314	-0.088146	-0.41677	0.90473
2.912	0.22468	0.63858	0.11762	0.98596	0.089472	0.141	-0.13916	0.90694	0.39761	-0.092307	-0.41165	0.90665
2.922	0.22514	0.63791	0.11678	0.98552	0.088817	0.14442	-0.13936	0.90948	0.39169	-0.096558	-0.40615	0.90869
2.932	0.22558	0.63723	0.11597	0.98504	0.088236	0.14801	-0.13964	0.912	0.38569	-0.10096	-0.40059	0.91068
2.942	0.226	0.63655	0.11522	0.98453	0.087724	0.15168	-0.13999	0.9144	0.37984	-0.10538	-0.39519	0.91253
2.952	0.22637	0.63591	0.11451	0.98401	0.087246	0.15528	-0.14034	0.9166	0.37437	-0.10967	-0.39018	0.91418
2.962	0.22672	0.6353	0.11383	0.98349	0.087041	0.15865	-0.14089	0.91848	0.36951	-0.11356	-0.38576	0.91558
2.972	0.22703	0.63473	0.11316	0.98298	0.087341	0.1616	-0.14178	0.92009	0.36515	-0.1168	-0.38185	0.91682
2.982	0.22733	0.63419	0.11249	0.98251	0.088035	0.16409	-0.14285	0.92161	0.36088	-0.11945	-0.37801	0.91806
2.992	0.22762	0.63367	0.11185	0.98207	0.088899	0.16623	-0.14391	0.92315	0.35648	-0.12177	-0.37402	0.91939
3.002	0.2279	0.63319	0.11122	0.98167	0.089782	0.16814	-0.14485	0.92478	0.35186	-0.1239	-0.36977	0.92083
3.012	0.22814	0.63273	0.11061	0.98131	0.090491	0.1698	-0.14548	0.92652	0.34698	-0.12592	-0.3652	0.92237
3.022	0.22832	0.63229	0.11001	0.98106	0.090659	0.17118	-0.14547	0.92836	0.34202	-0.12791	-0.36045	0.92397
3.032	0.22842	0.63188	0.10942	0.98094	0.089966	0.17222	-0.14454	0.93022	0.33734	-0.12986	-0.3558	0.92549
3.042	0.22843	0.6315	0.10885	0.98097	0.088491	0.1728	-0.14277	0.93197	0.33323	-0.13156	-0.35156	0.92687
3.052	0.22837	0.63112	0.10829	0.98112	0.086833	0.17282	-0.1407	0.93352	0.32976	-0.13269	-0.34785	0.92811
3.0621	0.22824	0.63077	0.10775	0.98126	0.085944	0.17245	-0.13931	0.93476	0.32681	-0.13311	-0.34471	0.92922
3.0721	0.22804	0.63044	0.10724	0.98127	0.086552	0.17208	-0.13937	0.93569	0.32412	-0.13296	-0.34203	0.93023
3.0821	0.22779	0.63012	0.10677	0.98112	0.088659	0.17191	-0.14091	0.93645	0.32125	-0.1325	-0.33941	0.93126
3.0921	0.2275	0.62983	0.10632	0.98085	0.091461	0.17195	-0.14312	0.93728	0.31783	-0.1321	-0.33636	0.93242
3.1021	0.22718	0.62954	0.10589	0.98057	0.093958	0.17221	-0.14502	0.93835	0.3138	-0.13211	-0.33268	0.93374
3.1121	0.22682	0.62925	0.10544	0.98035	0.095685	0.17251	-0.14617	0.93959	0.30952	-0.13247	-0.32865	0.93511
3.1221	0.22643	0.62894	0.10498	0.98027	0.096813	0.17232	-0.14663	0.94081	0.30557	-0.13253	-0.32481	0.93645
3.1321	0.22601	0.62863	0.1045	0.98035	0.097676	0.17137	-0.14667	0.94189	0.3022	-0.13189	-0.3214	0.93771
3.1421	0.22557	0.62833	0.10401	0.98052	0.098407	0.17001	-0.14649	0.94292	0.29907	-0.13087	-0.31815	0.93896
3.1521	0.2251	0.62806	0.10352	0.98074	0.098944	0.1684	-0.14603	0.94403	0.29579	-0.12971	-0.31468	0.94029
3.1621	0.2246	0.62781	0.10305	0.98107	0.099172	0.1663	-0.14507	0.94533	0.29208	-0.12824	-0.31068	0.94182
3.1721	0.22403	0.62759	0.10259	0.98162	0.099044	0.16315	-0.14339	0.94685	0.28793	-0.12596	-0.30603	0.94365
3.1821	0.22341	0.62739	0.10216	0.98242	0.098673	0.15845	-0.14101	0.94851	0.28361	-0.12231	-0.30097	0.94576
3.1921	0.2227	0.62722	0.10178	0.98342	0.098426	0.15232	-0.13841	0.95007	0.27965	-0.11719	-0.2961	0.94794
3.2021	0.2219	0.62705	0.10145	0.9844	0.098883	0.14554	-0.13644	0.95127	0.27653	-0.1111	-0.29207	0.94992
3.2122	0.22103	0.62689	0.10115	0.98519	0.10043	0.13894	-0.13575	0.95196	0.27447	-0.1047	-0.28927	0.9515
3.2222	0.22011	0.62674	0.10087	0.9857	0.10306	0.13334	-0.13649	0.95228	0.273	-0.098843	-0.28729	0.95273
3.2322	0.21918	0.62659	0.10061	0.9859	0.10641	0.12918	-0.13835	0.95251	0.27126	-0.094179	-0.2853	0.9538
3.2422	0.2183	0.62645	0.10036	0.98591	0.11002	0.12603	-0.1407	0.95286	0.26882	-0.090518	-0.28277	0.95491
3.2522	0.21749	0.62631	0.10012	0.98589	0.11358	0.12298	-0.14299	0.95336	0.26583	-0.087053	-0.27966	0.95614
3.2622	0.21678	0.62615	0.099869	0.98591	0.11686	0.11965	-0.14491	0.95405	0.26229	-0.083496	-0.27593	0.95754
3.2722	0.21618	0.626	0.099611	0.98599	0.11942	0.11646	-0.14614	0.95505	0.25792	-0.080424	-0.27133	0.95912
3.2822	0.21569	0.62587	0.099369	0.98617	0.12071	0.1136	-0.1462	0.95635	0.25302	-0.078098	-0.26613	0.96077
3.2922	0.21528	0.62578	0.099154	0.98654	0.1205	0.11052	-0.14482	0.95775	0.24849	-0.075907	-0.26115	0.96231
3.3022	0.2149	0.62573	0.098955	0.98713	0.11916	0.10669	-0.14223	0.9591	0.24474	-0.073162	-0.25677	0.9637
3.3122	0.21452	0.6257	0.098759	0.98783	0.11746	0.10198	-0.13912	0.9604	0.24142	-0.069581	-0.25267	0.96505
3.3222	0.2141	0.62566	0.09857	0.9885	0.1162	0.096715	-0.13631	0.96172	0.23772	-0.065389	-0.24817	0.96651
3.3322	0.21364	0.62561	0.098412	0.98904	0.11564	0.091804	-0.13424	0.9632	0.23286	-0.061497	-0.24263	0.96817
3.3422	0.21314	0.62553	0.098315	0.98941	0.11536	0.088065	-0.13268	0.96487	0.22677	-0.058811	-0.23605	0.96996
3.3522	0.21263	0.62542	0.098293	0.98971	0.11467	0.085587	-0.13103	0.96664	0.22006	-0.057497	-0.22901	0.97172
3.3623	0.21209	0.62529	0.098335	0.99002	0.11329	0.083842	-0.1289	0.96836	0.21367	-0.056984	-0.22234	0.9733
3.3723	0.21155	0.62514	0.098411	0.99041	0.11161	0.081414	-0.12645	0.96972	0.20895	-0.055627	-0.21724	0.97453
3.3823	0.21102	0.62496	0.098485	0.99096	0.11039	0.076148	-0.12405	0.97031	0.20761	-0.050968	-0.21518	0.97524
3.3923	0.21051	0.62477	0.098543	0.9917	0.11016	0.066277	-0.12183	0.96986	0.21103	-0.041033	-0.21735	0.97522
3.4023	0.21001	0.62455	0.098591	0.99249	0.11101	0.051225	-0.11962	0.96825	0.21951	-0.025231	-0.22399	0.97425
3.4123	0.20953	0.62432	0.098638	0.99308	0.11283	0.032076	-0.11718	0.96564	0.23192	-0.0048097	-0.23408	0.97219
3.4223	0.20904	0.62412	0.098668	0.99325	0.11534	0.011618	-0.11463	0.96257	0.24556	0.017139	-0.24524	0.96929
3.4323	0.20855	0.62399	0.098646	0.99296	0.11819	-0.0066419	-0.11252	0.95982	0.25704	0.036754	-0.25449	0.96637
3.4423	0.20802	0.62396	0.098572	0.99241	0.12117	-0.020969	-0.11136	0.9579	0.26462	0.05215	-0.26028	0.96412
3.4523	0.20746	0.62399	0.098486	0.99175	0.12418	-0.031782	-0.1112	0.9568	0.26863	0.063768	-0.26287	0.96272
3.4623	0.20687	0.62401	0.098453	0.99107	0.12713	-0.040265	-0.1117	0.95632	0.27012	0.072848	-0.26321	0.96198
3.4723	0.20625	0.62399	0.098518	0.9904	0.12982	-0.047423	-0.11241	0.95623	0.27016	0.08042	-0.26224	0.96165
3.4823	0.20562	0.62393	0.09868	0.98981	0.13185	-0.053723	-0.11277	0.9564	0.26941	0.086902	-0.26061	0.96152
3.4923	0.20499	0.6239	0.098891	0.98938	0.13278	-0.059194	-0.11237	0.9568	0.26814	0.092241	-0.25864	0.96156
3.5023	0.20437	0.62393	0.099092	0.98912	0.13256	-0.063783	-0.11113	0.95741	0.26649	0.096393	-0.2565	0.96172
3.5124	0.20375	0.62403	0.099265	0.98899	0.13158	-0.067643	-0.10937	0.95812	0.26466	0.099634	-0.25435	0.96197
3.5224	0.20313	0.62419	0.099429	0.98892	0.13042	-0.070947	-0.10759	0.95882	0.26285	0.10231	-0.25231	0.96222
3.5324	0.20252	0.62434	0.099624	0.98882	0.12964	-0.073707	-0.10632	0.95943	0.26114	0.10457	-0.25039	0.96248
3.5424	0.20191	0.62444	0.099884	0.98862	0.12977	-0.076038	-0.10601	0.95984	0.25973	0.10669	-0.24871	0.96268
3.5524	0.20131	0.62449	0.1002	0.98824	0.13113	-0.078599	-0.10675	0.9599	0.25923	0.10944	-0.24779	0.96261
3.5624	0.20071	0.62453	0.10054	0.98764	0.13353	-0.082099	-0.10813	0.95955	0.25994	0.11349	-0.24785	0.96213
3.5724	0.2001	0.62459	0.10087	0.98689	0.13631	-0.086426	-0.10957	0.95901	0.26131	0.1185	-0.24842	0.96138
3.5824	0.19948	0.62469	0.10118	0.9861	0.13893	-0.091071	-0.11079	0.95851	0.26265	0.12378	-0.24891	0.96058
3.5924	0.19885	0.62483	0.10149	0.98534	0.14114	-0.095834	-0.11156	0.95806	0.26395	0.12907	-0.24939	0.95976
3.6024	0.19821	0.62502	0.1018	0.98467	0.14263	-0.10036	-0.11165	0.95761	0.26553	0.13398	-0.25026	0.95886
3.6124	0.19754	0.62523	0.10213	0.98415	0.14324	-0.10458	-0.11091	0.95721	0.26729	0.13839	-0.25146	0.95792
3.6224	0.19686	0.62545	0.10248	0.98367	0.14316	-0.10907	-0.10943	0.95689	0.26905	0.14289	-0.25272	0.95693
3.6324	0.19616	0.62569	0.10288	0.9831	0.14309	-0.11417	-0.10777	0.95655	0.27092	0.14797	-0.25404	0.95581
3.6424	0.19544	0.62594	0.10329	0.98237	0.14365	-0.11964	-0.1065	0.956	0.27334	0.15364	-0.25578	0.95445
3.6524	0.19472	0.62622	0.10369	0.98153	0.1447	-0.1251	-0.1056	0.95524	0.27634	0.15949	-0.25803	0.95288
3.6625	0.194	0.62653	0.10406	0.98079	0.14553	-0.12986	-0.10461	0.95442	0.27954	0.16462	-0.26059	0.95131
3.6725	0.19332	0.62688	0.10444	0.98028	0.14568	-0.13349	-0.10321	0.95362	0.28277	0.16849	-0.26342	0.94985
3.6825	0.19269	0.62725	0.10485	0.97989	0.14533	-0.13673	-0.10143	0.95288	0.2859	0.17184	-0.26628	0.94845
3.6925	0.1921	0.62764	0.10534	0.9794	0.14502	-0.14048	-0.099529	0.95214	0.28901	0.17567	-0.26908	0.94696
3.7025	0.19155	0.62805	0.1059	0.97871	0.14517	-0.14508	-0.097786	0.95132	0.29226	0.18045	-0.27185	0.94527
3.7125	0.19104	0.62848	0.10655	0.97781	0.14587	-0.15039	-0.096298	0.95041	0.29572	0.18606	-0.27468	0.94336
3.7225	0.19054	0.62894	0.10727	0.97677	0.1471	-0.15582	-0.095176	0.94932	0.29956	0.19198	-0.27777	0.94127
3.7325	0.19003	0.62943	0.10806	0.97572	0.14881	-0.16068	-0.0945	0.94795	0.30407	0.19757	-0.28151	0.939
3.7425	0.1895	0.62995	0.10887	0.97473	0.15087	-0.16473	-0.094174	0.94625	0.30942	0.20256	-0.28609	0.93655
