0	0.22204	0.7048	0.0877	0.99766	0.067383	-0.011374	-0.06581	0.99221	0.10574	0.018411	-0.10475	0.99433
0.050251	0.22186	0.70466	0.087686	0.99757	0.068722	-0.011328	-0.067229	0.99259	0.10122	0.0182	-0.10022	0.9948
0.1005	0.22175	0.70458	0.087716	0.99745	0.069757	-0.014772	-0.067884	0.9924	0.10262	0.021819	-0.10136	0.99461
0.15075	0.2217	0.70459	0.087708	0.99738	0.070553	-0.015896	-0.068553	0.99232	0.103	0.023041	-0.10164	0.99455
0.20101	0.22173	0.70467	0.087693	0.9974	0.070638	-0.013958	-0.068844	0.99234	0.10256	0.021096	-0.10134	0.99463
0.25126	0.22183	0.70476	0.087695	0.9975	0.069983	-0.0098083	-0.068642	0.99252	0.10092	0.016798	-0.099998	0.99485
0.30151	0.222	0.70495	0.087657	0.99756	0.069059	-0.010376	-0.067613	0.99229	0.10392	0.017472	-0.10296	0.99453
0.35176	0.22214	0.70518	0.087609	0.99759	0.068967	-0.007742	-0.067787	0.99223	0.1043	0.014875	-0.10352	0.99452
0.40201	0.22213	0.70532	0.087565	0.99763	0.068301	-0.008541	-0.067003	0.99202	0.10679	0.015767	-0.10596	0.99425
0.45226	0.22212	0.70538	0.087593	0.99767	0.067643	-0.0087578	-0.06632	0.99204	0.10708	0.015931	-0.10625	0.99421
0.50251	0.22204	0.7055	0.087722	0.99753	0.069808	-0.0078083	-0.068596	0.99203	0.10565	0.015121	-0.10486	0.99437
0.55276	0.22196	0.70574	0.08767	0.99737	0.071967	-0.0085957	-0.070641	0.99176	0.10685	0.016214	-0.10596	0.99424
0.60302	0.22205	0.7062	0.087578	0.99743	0.071247	-0.0077527	-0.069954	0.99138	0.11077	0.015578	-0.10994	0.99382
0.65327	0.22244	0.70658	0.087502	0.9975	0.0707	-0.00081869	-0.07016	0.99118	0.11242	0.0087597	-0.11208	0.99366
0.70352	0.22324	0.70717	0.087505	0.99722	0.074077	-0.0080895	-0.07236	0.98856	0.13232	0.017799	-0.13137	0.99117
0.75377	0.2242	0.70798	0.08744	0.99733	0.071111	0.016275	-0.072572	0.98982	0.12246	-0.007401	-0.12332	0.99234
0.80402	0.22514	0.70841	0.087262	0.9968	0.073719	0.030861	-0.076998	0.98931	0.12383	-0.021403	-0.12581	0.99182
0.85427	0.22643	0.70867	0.087279	0.99662	0.076205	0.030555	-0.079865	0.98612	0.14559	-0.019036	-0.14754	0.98887
0.90452	0.22769	0.70883	0.087612	0.9956	0.068565	0.063823	-0.076476	0.98841	0.13114	-0.054092	-0.13545	0.98931
0.95477	0.22878	0.70897	0.087547	0.99451	0.073476	0.074491	-0.083056	0.98737	0.13494	-0.063635	-0.14039	0.98805
1.005	0.2295	0.70891	0.087294	0.99385	0.077453	0.079116	-0.087665	0.98696	0.13502	-0.067626	-0.14113	0.98768
1.0553	0.22958	0.70865	0.087203	0.9945	0.082528	0.064468	-0.091277	0.98487	0.14728	-0.051338	-0.15235	0.98699
1.1055	0.22921	0.70823	0.087227	0.99447	0.079016	0.06913	-0.08797	0.98653	0.13788	-0.057305	-0.1432	0.98803
1.1558	0.22864	0.70779	0.087279	0.9948	0.073226	0.070812	-0.08171	0.98873	0.12547	-0.060827	-0.1306	0.98957
1.206	0.22796	0.70732	0.087135	0.99498	0.073592	0.067801	-0.081039	0.9901	0.11458	-0.058698	-0.1195	0.9911
1.2563	0.22714	0.70679	0.087045	0.99513	0.078047	0.060202	-0.084289	0.99043	0.10928	-0.051098	-0.11382	0.99219
1.3065	0.22649	0.70624	0.086914	0.99547	0.082448	0.047285	-0.087029	0.99068	0.1048	-0.038204	-0.10844	0.99337
1.3568	0.22554	0.70557	0.08684	0.9962	0.083673	0.024181	-0.085865	0.99002	0.11178	-0.014587	-0.11343	0.99344
1.407	0.22477	0.70521	0.087001	0.99624	0.08638	0.0059785	-0.086467	0.98886	0.12116	0.0045538	-0.12122	0.99262
1.4573	0.22404	0.70506	0.087159	0.99649	0.083647	0.0026983	-0.083383	0.98955	0.11766	0.0071722	-0.11748	0.99305
1.5075	0.22348	0.70491	0.087244	0.99693	0.076377	0.017134	-0.077666	0.99244	0.09506	-0.0097442	-0.096099	0.99532
1.5578	0.22299	0.70469	0.087248	0.99698	0.076292	0.014453	-0.077277	0.99307	0.08857	-0.0075952	-0.08942	0.99596
1.608	0.22237	0.70449	0.087295	0.99694	0.078076	0.0040101	-0.078129	0.99315	0.086925	0.0028041	-0.086972	0.99621
1.6583	0.22157	0.70429	0.087574	0.99689	0.078186	-0.010196	-0.076868	0.99249	0.095157	0.017559	-0.094077	0.99541
1.7085	0.22073	0.70422	0.087612	0.99665	0.078437	-0.023196	-0.075689	0.9919	0.10201	0.031009	-0.099912	0.99451
1.7588	0.22023	0.70426	0.087519	0.99643	0.078174	-0.031797	-0.074448	0.99168	0.10505	0.039745	-0.10231	0.99396
1.809	0.22018	0.70437	0.087406	0.99639	0.077468	-0.034667	-0.073376	0.99157	0.10681	0.042649	-0.10388	0.99367
1.8593	0.2202	0.70467	0.087381	0.99639	0.077123	-0.035424	-0.072957	0.99161	0.10675	0.043359	-0.10378	0.99366
1.9095	0.21989	0.70501	0.087522	0.99629	0.075854	-0.040731	-0.071059	0.99155	0.10849	0.048616	-0.10519	0.99326
1.9598	0.21944	0.70527	0.087661	0.99631	0.077285	-0.037313	-0.073131	0.99208	0.10215	0.044912	-0.099041	0.99407
2.0101	0.21913	0.70552	0.087751	0.99644	0.079453	-0.02818	-0.076533	0.99274	0.092831	0.035351	-0.090344	0.99528
2.0603	0.2191	0.70588	0.087754	0.99639	0.080278	-0.027436	-0.077363	0.99251	0.094516	0.034818	-0.092053	0.99515
2.1106	0.21949	0.70635	0.087641	0.99653	0.077579	-0.030041	-0.074088	0.99184	0.10371	0.037842	-0.10113	0.99415
2.1608	0.22013	0.70694	0.087579	0.99651	0.074118	-0.0384	-0.069005	0.99029	0.12068	0.046972	-0.11761	0.99195
2.2111	0.22079	0.70753	0.087475	0.99607	0.077226	-0.043342	-0.070549	0.98781	0.13874	0.053528	-0.13514	0.98938
2.2613	0.22149	0.70816	0.08754	0.99651	0.075445	-0.035856	-0.069271	0.98625	0.15002	0.046682	-0.14701	0.98803
2.3116	0.22257	0.70901	0.087405	0.99659	0.075687	-0.032905	-0.069301	0.98396	0.16438	0.044819	-0.16153	0.98585
2.3618	0.22371	0.70932	0.087405	0.99652	0.082875	-0.0090254	-0.080392	0.98399	0.15906	0.022063	-0.15778	0.98723
2.4121	0.22448	0.70951	0.087453	0.99645	0.084236	0.00091065	-0.083275	0.98333	0.16166	0.012722	-0.16116	0.98685
2.4623	0.22487	0.7097	0.087512	0.9965	0.083366	0.0060038	-0.083201	0.98256	0.16632	0.0079663	-0.16624	0.98605
2.5126	0.2253	0.70992	0.087539	0.99663	0.080983	0.012813	-0.081987	0.98287	0.16506	0.00077398	-0.16556	0.9862
2.5628	0.22586	0.70992	0.087351	0.99656	0.080323	0.020343	-0.082586	0.9828	0.16517	-0.0067261	-0.16628	0.98606
2.6131	0.2265	0.70997	0.087183	0.99641	0.079624	0.028815	-0.083303	0.9828	0.16484	-0.015194	-0.16665	0.9859
2.6633	0.22744	0.70988	0.087109	0.99523	0.073104	0.064504	-0.081433	0.98711	0.13774	-0.053604	-0.14233	0.98836
2.7136	0.22843	0.70975	0.08706	0.99461	0.078551	0.067603	-0.087589	0.98581	0.14322	-0.055393	-0.14837	0.98738
2.7638	0.22985	0.70919	0.086913	0.99369	0.085118	0.073026	-0.095157	0.9845	0.14732	-0.059355	-0.15334	0.98639
2.8141	0.23122	0.70861	0.087029	0.99199	0.09045	0.088178	-0.10272	0.98388	0.1464	-0.073514	-0.15429	0.98529
2.8643	0.23167	0.70792	0.086901	0.99011	0.096839	0.10153	-0.11064	0.98388	0.14048	-0.08629	-0.15033	0.98486
2.9146	0.23205	0.70741	0.086658	0.98971	0.099365	0.10297	-0.11304	0.98412	0.13683	-0.087737	-0.14707	0.98523
2.9648	0.23168	0.70738	0.086608	0.99058	0.098595	0.095012	-0.11061	0.98522	0.13082	-0.080709	-0.1401	0.98684
3.0151	0.23039	0.70723	0.086804	0.99108	0.093975	0.094497	-0.10465	0.98781	0.11526	-0.082513	-0.12412	0.98883
3.0653	0.22877	0.70688	0.08712	0.9924	0.09011	0.083812	-0.09878	0.98947	0.1058	-0.073396	-0.11327	0.99085
3.1156	0.22717	0.70662	0.086992	0.99399	0.090452	0.061656	-0.096814	0.98926	0.10951	-0.051088	-0.11483	0.99207
3.1658	0.22574	0.70591	0.086602	0.99516	0.086502	0.046688	-0.090766	0.99098	0.098624	-0.037736	-0.10238	0.99403
3.2161	0.22425	0.70523	0.086822	0.99623	0.081428	0.029813	-0.08391	0.99198	0.094544	-0.021875	-0.09669	0.99507
3.2663	0.2228	0.70472	0.086996	0.99664	0.081771	0.0053564	-0.081899	0.9917	0.099084	0.0027903	-0.09919	0.99506
3.3166	0.2217	0.70419	0.087039	0.9971	0.076048	0.0020032	-0.075933	0.9933	0.087165	0.004639	-0.087064	0.99619
3.3668	0.22039	0.70385	0.087428	0.99707	0.074352	-0.017962	-0.072371	0.99302	0.093176	0.024764	-0.091603	0.99549
3.4171	0.21926	0.70367	0.087241	0.99688	0.069099	-0.038033	-0.06513	0.99313	0.097204	0.044488	-0.094424	0.99454
3.4673	0.21879	0.70383	0.087262	0.99688	0.065407	-0.044289	-0.060898	0.99347	0.096467	0.050309	-0.093468	0.99435
3.5176	0.21826	0.70394	0.087237	0.99669	0.064936	-0.048945	-0.05994	0.99344	0.097413	0.054949	-0.094156	0.99404
3.5678	0.21738	0.70383	0.087364	0.99637	0.06164	-0.058783	-0.055637	0.99355	0.098804	0.064494	-0.095175	0.99337
3.6181	0.21618	0.70356	0.087703	0.99554	0.061429	-0.071639	-0.054846	0.99438	0.090504	0.076796	-0.086171	0.99332
3.6683	0.21457	0.70332	0.087703	0.99429	0.060799	-0.087734	-0.053492	0.99508	0.083364	0.092371	-0.078194	0.99265
3.7186	0.21345	0.7033	0.087874	0.99362	0.062077	-0.094188	-0.055191	0.99573	0.074039	0.098381	-0.068368	0.9928
3.7688	0.21281	0.70362	0.088065	0.99314	0.057733	-0.10164	-0.050687	0.99622	0.070585	0.10533	-0.064949	0.99231
3.8191	0.2131	0.7043	0.088187	0.9929	0.057248	-0.10429	-0.049975	0.99622	0.071069	0.10796	-0.065352	0.992
3.8693	0.21403	0.70525	0.088295	0.9933	0.058767	-0.099508	-0.050517	0.99523	0.083486	0.10394	-0.0779	0.99153
3.9196	0.21471	0.7062	0.088103	0.99472	0.056619	-0.085564	-0.048697	0.99457	0.092	0.090308	-0.087348	0.99208
3.9698	0.21563	0.70693	0.088039	0.99516	0.054291	-0.081932	-0.045741	0.99365	0.10285	0.086995	-0.098599	0.99132
4.0201	0.2163	0.70778	0.088173	0.99526	0.060073	-0.076483	-0.051156	0.9922	0.11363	0.082713	-0.10918	0.99057
4.0704	0.21704	0.7087	0.087961	0.99617	0.062315	-0.061259	-0.05477	0.99151	0.11795	0.068089	-0.11414	0.99113
4.1206	0.21808	0.70965	0.087753	0.99625	0.070915	-0.049573	-0.063864	0.98923	0.13168	0.058378	-0.12802	0.99005
4.1709	0.21897	0.71056	0.087516	0.99633	0.074366	-0.04239	-0.067521	0.98716	0.14479	0.052613	-0.1414	0.98855
4.2211	0.22018	0.71138	0.087082	0.99643	0.078421	-0.031372	-0.072702	0.98538	0.15406	0.042995	-0.15123	0.98756
4.2714	0.22183	0.7121	0.086906	0.99617	0.08665	-0.011418	-0.083743	0.98371	0.15906	0.025015	-0.1575	0.9872
4.3216	0.22362	0.71274	0.086535	0.99625	0.086511	-0.0021504	-0.084889	0.98179	0.16995	0.016813	-0.16913	0.98545
4.3719	0.22508	0.71312	0.086366	0.99618	0.086655	0.010441	-0.087121	0.97992	0.17935	0.0053101	-0.17957	0.98373
4.4221	0.22608	0.71266	0.087083	0.99562	0.08963	0.026532	-0.09297	0.97897	0.18157	-0.0097008	-0.18324	0.98302
4.4724	0.2272	0.71275	0.087028	0.99489	0.091584	0.042519	-0.097702	0.97946	0.17639	-0.025491	-0.17964	0.9834
4.5226	0.22843	0.71307	0.086524	0.99407	0.091926	0.058119	-0.10081	0.97934	0.17531	-0.040802	-0.18013	0.9828
4.5729	0.23002	0.7131	0.08621	0.99228	0.094036	0.08084	-0.10714	0.97836	0.17702	-0.062444	-0.18431	0.98088
4.6231	0.23184	0.71263	0.086353	0.98963	0.096617	0.10628	-0.11441	0.97761	0.17659	-0.086837	-0.18692	0.97853
4.6734	0.23385	0.7117	0.086191	0.98712	0.098115	0.12632	-0.11902	0.97817	0.17032	-0.10686	-0.18317	0.97726
4.7236	0.23568	0.71072	0.086486	0.98346	0.10471	0.1478	-0.12862	0.97824	0.16282	-0.12753	-0.17914	0.97552
4.7739	0.23689	0.70996	0.086597	0.97929	0.11056	0.16962	-0.1367	0.97902	0.15111	-0.14936	-0.17117	0.97385
4.8241	0.23729	0.70943	0.08647	0.9769	0.10949	0.18352	-0.13521	0.98171	0.13401	-0.16549	-0.15573	0.97384
4.8744	0.23686	0.7091	0.086506	0.9783	0.10783	0.17694	-0.13318	0.9814	0.13825	-0.15874	-0.15882	0.97446
4.9246	0.23605	0.70892	0.086661	0.98159	0.1074	0.15793	-0.13117	0.98013	0.14876	-0.13881	-0.16674	0.97618
4.9749	0.23465	0.70861	0.087016	0.98076	0.10965	0.16153	-0.13127	0.9828	0.1299	-0.14451	-0.1486	0.97828
5.0251	0.23305	0.70881	0.086843	0.98297	0.11049	0.14681	-0.12962	0.98328	0.1279	-0.13022	-0.14475	0.98086
5.0754	0.23133	0.70893	0.086634	0.98883	0.10617	0.10465	-0.12005	0.9833	0.13681	-0.088378	-0.14785	0.98505
5.1256	0.22943	0.70851	0.086658	0.99206	0.095439	0.081863	-0.10471	0.98751	0.11768	-0.069609	-0.12532	0.98967
5.1759	0.22741	0.70762	0.087037	0.99346	0.095471	0.062558	-0.10205	0.98843	0.11224	-0.051118	-0.11789	0.99171
5.2261	0.2255	0.70689	0.087105	0.99497	0.09224	0.039077	-0.095985	0.98947	0.10833	-0.028673	-0.11154	0.99335
5.2764	0.22347	0.70586	0.087107	0.99581	0.091161	0.0064309	-0.091299	0.98932	0.1136	0.003994	-0.11372	0.9935
5.3266	0.22143	0.70499	0.087215	0.99625	0.085979	-0.0099549	-0.084521	0.99118	0.1021	0.018647	-0.10088	0.99472
5.3769	0.21905	0.70393	0.087648	0.99676	0.075303	-0.028139	-0.072383	0.993	0.093368	0.034972	-0.091029	0.99523
5.4271	0.21622	0.70255	0.087874	0.9956	0.06913	-0.063308	-0.063726	0.99445	0.083748	0.068747	-0.079346	0.99447
5.4774	0.21322	0.70144	0.087854	0.9942	0.05464	-0.092644	-0.048697	0.99668	0.065245	0.095902	-0.060357	0.99356
5.5276	0.21009	0.70065	0.087887	0.99151	0.04273	-0.12277	-0.036939	0.99811	0.049081	0.12464	-0.04413	0.99122
5.5779	0.20697	0.69995	0.0878	0.98801	0.042591	-0.14841	-0.038279	0.99876	0.031785	0.14958	-0.025723	0.98841
5.6281	0.20419	0.69943	0.087537	0.97927	0.045474	-0.19741	-0.036532	0.99814	0.048707	0.19926	-0.040486	0.97911
5.6784	0.20238	0.6989	0.08768	0.98005	0.044861	-0.19364	-0.041891	0.99893	0.019402	0.1943	-0.010903	0.98088
5.7286	0.20089	0.69881	0.087435	0.97617	0.033839	-0.21434	-0.029252	0.99927	0.024537	0.21502	-0.017683	0.97645
5.7789	0.19998	0.69939	0.087418	0.97302	0.027201	-0.22911	-0.019338	0.99915	0.036493	0.22991	-0.031077	0.97272
5.8291	0.20002	0.69994	0.087468	0.97648	0.031228	-0.21334	-0.025875	0.99928	0.027839	0.21405	-0.021664	0.97658
5.8794	0.20061	0.70074	0.08738	0.97922	0.03874	-0.19906	-0.034206	0.99907	0.026168	0.19989	-0.018815	0.97964
5.9296	0.20084	0.70122	0.087099	0.98024	0.041804	-0.19335	-0.03726	0.99894	0.027081	0.19427	-0.019342	0.98076
5.9799	0.2008	0.70208	0.087158	0.98002	0.044561	-0.19387	-0.038635	0.99867	0.034245	0.19513	-0.026071	0.98043
6.0302	0.20163	0.703	0.087088	0.98042	0.047876	-0.191	-0.038849	0.99796	0.050735	0.19304	-0.042321	0.98028
6.0804	0.20263	0.70386	0.086856	0.98133	0.054948	-0.1843	-0.043805	0.99699	0.064004	0.18726	-0.054736	0.98078
6.1307	0.20321	0.7051	0.086996	0.98258	0.056529	-0.17706	-0.045578	0.99682	0.065319	0.18019	-0.056111	0.98203
6.1809	0.20373	0.70624	0.087088	0.9824	0.056151	-0.17816	-0.043266	0.99621	0.075401	0.18172	-0.066365	0.98111
6.2312	0.20483	0.70775	0.087156	0.9832	0.056422	-0.17357	-0.041434	0.99519	0.088803	0.17774	-0.08012	0.98081
6.2814	0.20715	0.7094	0.087273	0.9861	0.058653	-0.15543	-0.041224	0.99273	0.11308	0.16094	-0.1051	0.98135
6.3317	0.20934	0.711	0.087531	0.98892	0.06307	-0.13441	-0.044822	0.98987	0.13471	0.14155	-0.12719	0.98173
6.3819	0.21108	0.71231	0.087909	0.98967	0.065969	-0.12727	-0.045978	0.98699	0.15406	0.13578	-0.14662	0.97983
6.4322	0.21198	0.71338	0.088264	0.99074	0.065742	-0.11877	-0.045409	0.98501	0.16643	0.12793	-0.1595	0.97887
6.4824	0.21279	0.71429	0.088621	0.99166	0.059134	-0.11455	-0.037827	0.98295	0.17996	0.12324	-0.17412	0.97698
6.5327	0.21356	0.71504	0.088872	0.99259	0.056676	-0.1075	-0.036217	0.98235	0.18351	0.116	-0.17825	0.97712
6.5829	0.21502	0.71574	0.08896	0.99451	0.052396	-0.090523	-0.034237	0.98087	0.19162	0.098831	-0.18747	0.97729
6.6332	0.21697	0.71628	0.08873	0.99643	0.046918	-0.070188	-0.031822	0.97876	0.20251	0.078199	-0.19955	0.97676
6.6834	0.21914	0.71667	0.08798	0.99761	0.046038	-0.051514	-0.034743	0.97879	0.20192	0.059718	-0.19964	0.97805
6.7337	0.22143	0.7168	0.087402	0.99879	0.039973	-0.028523	-0.033237	0.97787	0.20657	0.036149	-0.20537	0.97801
6.7839	0.22363	0.71652	0.08728	0.99944	0.033231	-0.0019542	-0.032032	0.97605	0.21516	0.0090572	-0.21498	0.97658
6.8342	0.22598	0.71636	0.087046	0.99881	0.03779	0.030697	-0.043617	0.97469	0.21928	-0.021633	-0.22036	0.97518
6.8844	0.22825	0.71647	0.086631	0.99746	0.042665	0.056993	-0.054409	0.97312	0.22377	-0.045914	-0.22631	0.97297
6.9347	0.23054	0.71596	0.086123	0.99432	0.029054	0.10237	-0.049736	0.97735	0.20572	-0.094073	-0.20964	0.97324
6.9849	0.23294	0.71538	0.085975	0.98983	0.021119	0.14068	-0.047043	0.98188	0.1836	-0.13426	-0.18835	0.97288
7.0352	0.23485	0.71475	0.085894	0.98732	0.025214	0.15671	-0.053454	0.98245	0.17871	-0.14945	-0.18482	0.97134
7.0854	0.23711	0.7142	0.085512	0.98771	0.031731	0.15302	-0.060418	0.98057	0.18665	-0.14412	-0.19361	0.97044
7.1357	0.23891	0.7137	0.085523	0.98498	0.034462	0.16917	-0.065482	0.98123	0.18138	-0.15974	-0.18973	0.96875
7.1859	0.24152	0.71269	0.085743	0.979	0.045341	0.19874	-0.080672	0.98153	0.17347	-0.1872	-0.18586	0.96458
7.2362	0.2446	0.71169	0.085896	0.97203	0.052258	0.22896	-0.091128	0.98247	0.16264	-0.21645	-0.17896	0.95975
7.2864	0.24722	0.71058	0.085957	0.96576	0.057044	0.25308	-0.096633	0.98442	0.14687	-0.24076	-0.1663	0.95623
7.3367	0.24852	0.70966	0.086193	0.95951	0.069952	0.27284	-0.10855	0.98568	0.12902	-0.25991	-0.15341	0.95337
7.3869	0.24909	0.70855	0.086348	0.9584	0.080731	0.27378	-0.11624	0.98642	0.11605	-0.26069	-0.14305	0.95477
7.4372	0.2492	0.70788	0.08608	0.95921	0.08066	0.27094	-0.11344	0.98771	0.10756	-0.25893	-0.1339	0.95657
7.4874	0.2485	0.70723	0.086247	0.96109	0.08446	0.26301	-0.11369	0.98867	0.097966	-0.25175	-0.12406	0.95981
7.5377	0.24735	0.70641	0.08683	0.9627	0.0945	0.25354	-0.1198	0.98905	0.086228	-0.24261	-0.11338	0.96347
7.5879	0.24592	0.70556	0.087395	0.96253	0.10851	0.24853	-0.13349	0.98732	0.085939	-0.23606	-0.1159	0.9648
7.6382	0.24413	0.7046	0.087549	0.96527	0.11447	0.23484	-0.13668	0.98733	0.080561	-0.22264	-0.10986	0.96869
7.6884	0.24244	0.70405	0.087536	0.96814	0.11738	0.22121	-0.1362	0.98808	0.071769	-0.21015	-0.09961	0.97258
7.7387	0.24071	0.70339	0.087589	0.97045	0.11862	0.21014	-0.1354	0.9885	0.06728	-0.19974	-0.093744	0.97535
7.7889	0.23924	0.7022	0.087922	0.97078	0.12533	0.20463	-0.14089	0.988	0.063308	-0.19424	-0.090289	0.97679
7.8392	0.23775	0.70128	0.087979	0.97274	0.12686	0.19413	-0.13944	0.98884	0.052504	-0.1853	-0.078142	0.97957
7.8894	0.23625	0.7001	0.087947	0.97542	0.12521	0.1813	-0.13508	0.9899	0.043058	-0.17408	-0.066489	0.98248
7.9397	0.23479	0.69928	0.087949	0.97831	0.12629	0.16417	-0.13335	0.99053	0.032653	-0.1585	-0.053837	0.98589
7.9899	0.23321	0.69752	0.08831	0.98247	0.12516	0.13813	-0.12924	0.99139	0.020954	-0.13432	-0.038439	0.99019
8.0402	0.23175	0.69557	0.088646	0.98417	0.13127	0.11903	-0.1325	0.99118	0.002423	-0.11766	-0.018157	0.99289
8.0905	0.23008	0.6942	0.08896	0.98647	0.12912	0.10098	-0.12879	0.99162	-0.0098461	-0.1014	-0.0032921	0.99484
8.1407	0.22892	0.69333	0.089123	0.98916	0.12167	0.082222	-0.12136	0.99257	-0.0087578	-0.082677	-0.0013161	0.99658
8.191	0.22802	0.69307	0.089182	0.99043	0.12021	0.067737	-0.11977	0.99275	-0.01059	-0.068519	0.0023764	0.99765
8.2412	0.22685	0.69275	0.089313	0.99079	0.11934	0.063969	-0.11761	0.9926	-0.030089	-0.067086	0.022289	0.9975
8.2915	0.22516	0.69268	0.08934	0.99184	0.11903	0.045661	-0.11785	0.99264	-0.027762	-0.04863	0.022154	0.99857
8.3417	0.22325	0.69277	0.089267	0.99393	0.10868	0.01726	-0.10832	0.99391	-0.02026	-0.019356	0.018267	0.99965
8.392	0.22175	0.69339	0.089005	0.99566	0.093103	5.7293e-005	-0.093085	0.99548	-0.018926	-0.0018193	0.018839	0.99982
8.4422	0.22033	0.69426	0.088866	0.99607	0.087468	-0.014163	-0.087557	0.99614	-0.0057796	0.013603	0.0069969	0.99988
8.4925	0.2193	0.69512	0.088886	0.99607	0.086224	-0.020487	-0.086206	0.99628	0.0017908	0.020565	-1.7677e-005	0.99979
8.5427	0.21836	0.6955	0.088816	0.99606	0.084543	-0.026879	-0.084413	0.99641	0.0059246	0.027283	-0.0036324	0.99962
8.593	0.21686	0.69481	0.0887	0.9953	0.086198	-0.044098	-0.085911	0.99627	0.0083626	0.044654	-0.0045347	0.99899
8.6432	0.21426	0.69347	0.089078	0.99381	0.081283	-0.075771	-0.081452	0.99668	0.00087001	0.07559	0.0053067	0.99712
8.6935	0.21119	0.69189	0.088998	0.99089	0.078526	-0.10939	-0.081732	0.99634	-0.025118	0.10702	0.03383	0.99368
8.7437	0.20755	0.69115	0.08906	0.98499	0.072818	-0.15647	-0.077402	0.99673	-0.023394	0.15426	0.035154	0.9874
8.794	0.20248	0.6912	0.088476	0.97493	0.075245	-0.20939	-0.081648	0.99642	-0.022092	0.20697	0.038634	0.97758
8.8442	0.19781	0.69187	0.08762	0.96305	0.071501	-0.25966	-0.079038	0.9967	-0.018694	0.25746	0.038526	0.96552
8.8945	0.19393	0.69304	0.086609	0.95174	0.064865	-0.29998	-0.070291	0.9975	-0.0073229	0.29875	0.028055	0.95392
8.9447	0.1915	0.69422	0.085876	0.94574	0.061544	-0.31905	-0.063536	0.99797	0.0041705	0.31866	0.016327	0.94773
8.995	0.19063	0.6953	0.085435	0.94256	0.057083	-0.32913	-0.057659	0.9983	0.0080171	0.32903	0.011421	0.94425
9.0452	0.19059	0.69623	0.085473	0.95259	0.053404	-0.29953	-0.058627	0.99824	-0.0084712	0.29855	0.02563	0.95405
9.0955	0.19063	0.69693	0.085688	0.95559	0.051573	-0.29017	-0.055911	0.99841	-0.0066737	0.28936	0.022601	0.95695
9.1457	0.19037	0.69801	0.085383	0.95731	0.048842	-0.2849	-0.05194	0.99864	-0.0033245	0.28435	0.01798	0.95855
9.196	0.18978	0.69892	0.084848	0.95412	0.043751	-0.29623	-0.043184	0.99903	0.0084607	0.29631	0.0047197	0.95508
9.2462	0.18967	0.69934	0.084945	0.95417	0.040274	-0.29653	-0.037209	0.99918	0.015977	0.29693	-0.0042112	0.95489
9.2965	0.19006	0.70076	0.084473	0.95553	0.038606	-0.29237	-0.032576	0.99914	0.025466	0.2931	-0.014809	0.95597
9.3467	0.18999	0.70218	0.084138	0.95439	0.040379	-0.29582	-0.031666	0.99891	0.034187	0.29688	-0.023261	0.95463
9.397	0.18943	0.70325	0.084025	0.95048	0.04925	-0.30684	-0.037666	0.99834	0.043564	0.30848	-0.029849	0.95076
9.4472	0.18937	0.70418	0.084035	0.9479	0.061836	-0.31252	-0.04349	0.99691	0.065342	0.3156	-0.048346	0.94766
9.4975	0.19022	0.7057	0.084366	0.95044	0.060891	-0.30487	-0.037065	0.99583	0.083343	0.30868	-0.067912	0.94874
9.5477	0.19146	0.70751	0.085314	0.95183	0.061697	-0.30034	-0.031444	0.99402	0.10454	0.305	-0.090064	0.94808
9.598	0.19326	0.71005	0.087202	0.95343	0.078653	-0.29118	-0.037058	0.98863	0.14571	0.29933	-0.12813	0.9455
9.6482	0.19683	0.7139	0.090829	0.95828	0.079292	-0.27463	-0.024421	0.97995	0.19774	0.2848	-0.18278	0.94099
9.6985	0.2031	0.71855	0.094491	0.96539	0.066199	-0.25225	-0.0009555	0.96813	0.25042	0.26079	-0.24151	0.93469
9.7487	0.21203	0.72293	0.096375	0.9751	0.037089	-0.21862	0.025935	0.96007	0.27857	0.22022	-0.2773	0.9352
9.799	0.21807	0.72692	0.097995	0.98205	0.018079	-0.18776	0.039475	0.95366	0.2983	0.18445	-0.30035	0.93582
9.8492	0.21895	0.72987	0.10154	0.98657	0.024344	-0.1615	0.031241	0.94244	0.33291	0.16031	-0.33349	0.92902
9.8995	0.21989	0.73245	0.10483	0.99084	0.024054	-0.13285	0.025482	0.93299	0.35899	0.13259	-0.35909	0.92384
9.9497	0.22075	0.73423	0.10749	0.99541	0.023113	-0.092859	0.014039	0.92462	0.38064	0.094657	-0.3802	0.92005
10	0.22174	0.73507	0.10935	0.99823	0.030081	-0.05123	-0.0071579	0.91695	0.39894	0.058976	-0.39787	0.91554
