0	0.23124	0.81513	-0.0064163	0.99766	0.065827	-0.018349	-0.06581	0.99783	0.00155	0.018411	-0.00033889	0.99983
0.050251	0.23075	0.8152	-0.0023889	0.99659	0.060295	-0.056378	-0.064631	0.99481	-0.07855	0.051349	0.081926	0.99531
0.1005	0.23058	0.81529	-0.0031572	0.99675	0.061558	-0.052056	-0.063886	0.99697	-0.044309	0.04917	0.047491	0.99766
0.15075	0.2304	0.81537	-0.003419	0.99675	0.061883	-0.051612	-0.063247	0.99768	-0.025208	0.049933	0.028391	0.99835
0.20101	0.23021	0.81544	-0.0035565	0.99687	0.061831	-0.049277	-0.062598	0.99794	-0.014171	0.048299	0.017211	0.99868
0.25126	0.23002	0.81551	-0.0036507	0.99697	0.061529	-0.047577	-0.061958	0.99805	-0.0075921	0.047017	0.010517	0.99884
0.30151	0.22984	0.81559	-0.0037503	0.99703	0.061118	-0.046856	-0.061329	0.99811	-0.0030738	0.04658	0.0059384	0.9989
0.35176	0.22966	0.81567	-0.003852	0.99709	0.060572	-0.046233	-0.060645	0.99816	-0.00017141	0.046137	0.0029747	0.99893
0.40201	0.22947	0.81576	-0.0039144	0.99712	0.059931	-0.046544	-0.059924	0.9982	0.0015575	0.046554	0.0012362	0.99892
0.45226	0.22929	0.81584	-0.003913	0.99714	0.059221	-0.046952	-0.059203	0.99824	0.0017949	0.046976	0.00098991	0.9989
0.50251	0.2291	0.81592	-0.0038754	0.9971	0.058466	-0.048727	-0.058438	0.99829	0.0020022	0.048761	0.00085115	0.99881
0.55276	0.2289	0.816	-0.0038541	0.99704	0.057704	-0.050798	-0.057672	0.99833	0.0020905	0.050834	0.00084529	0.99871
0.60302	0.22869	0.81607	-0.0039523	0.99703	0.056858	-0.051927	-0.056779	0.99838	0.0029911	0.052013	-3.3845e-005	0.99865
0.65327	0.22848	0.81616	-0.0041552	0.99713	0.055965	-0.050999	-0.055809	0.99843	0.0044811	0.05117	-0.001622	0.99869
0.70352	0.22828	0.81626	-0.0044553	0.99749	0.054868	-0.044821	-0.05469	0.99849	0.0051913	0.045038	-0.0027271	0.99898
0.75377	0.22808	0.81637	-0.0047286	0.99777	0.053728	-0.03959	-0.053544	0.99855	0.0056958	0.039839	-0.0035633	0.9992
0.80402	0.22788	0.81649	-0.0049571	0.99816	0.052399	-0.030568	-0.052276	0.99862	0.004824	0.030779	-0.0032171	0.99952
0.85427	0.22768	0.81661	-0.0051825	0.99849	0.05096	-0.020421	-0.050886	0.9987	0.004122	0.020604	-0.0030766	0.99978
0.90452	0.22749	0.81672	-0.0053323	0.99871	0.049465	-0.011196	-0.049436	0.99877	0.0028676	0.011324	-0.0023105	0.99993
0.95477	0.22731	0.81684	-0.0053905	0.99884	0.04817	-0.0019254	-0.048168	0.99884	0.0012945	0.0019856	-0.0012003	1
1.005	0.22715	0.81695	-0.0053281	0.99889	0.046968	0.0036684	-0.046966	0.9989	-0.00057916	-0.0036916	0.00040623	0.99999
1.0553	0.22698	0.81706	-0.0051795	0.99894	0.045823	0.0053302	-0.045814	0.99895	-0.0017045	-0.0054027	0.0014584	0.99998
1.1055	0.2268	0.81715	-0.0049753	0.99899	0.044604	0.0048101	-0.044589	0.999	-0.0031298	-0.0049449	0.0029122	0.99998
1.1558	0.22662	0.81724	-0.0047553	0.99905	0.043501	0.0029867	-0.043488	0.99904	-0.0042907	-0.0031705	0.0041567	0.99999
1.206	0.22644	0.81732	-0.004517	0.99909	0.0426	0.0016399	-0.04259	0.99908	-0.0053859	-0.0018678	0.0053111	0.99998
1.2563	0.22627	0.81739	-0.0042867	0.99912	0.041908	0.00020092	-0.041906	0.9991	-0.0058233	-0.00044478	0.0058098	0.99998
1.3065	0.2261	0.81745	-0.0040534	0.99915	0.041253	-0.0019794	-0.041265	0.99913	-0.0059888	0.0017306	0.0060653	0.99998
1.3568	0.22592	0.8175	-0.0038774	0.99917	0.040671	-0.0038414	-0.040693	0.99916	-0.0057455	0.0036045	0.005897	0.99998
1.407	0.22576	0.81754	-0.0037707	0.99918	0.040141	-0.0050553	-0.040169	0.99918	-0.0054366	0.0048329	0.0056352	0.99997
1.4573	0.22559	0.81758	-0.0037046	0.99918	0.039684	-0.0075776	-0.039721	0.9992	-0.0048567	0.0073788	0.0051537	0.99996
1.5075	0.22543	0.81761	-0.0036386	0.9992	0.039218	-0.0081316	-0.039258	0.99922	-0.0048203	0.0079362	0.0051356	0.99996
1.5578	0.22528	0.81765	-0.0036366	0.99921	0.03885	-0.0087886	-0.038888	0.99923	-0.0041924	0.008619	0.0045309	0.99995
1.608	0.22513	0.81769	-0.0036036	0.99917	0.038603	-0.01306	-0.038655	0.99925	-0.0037282	0.012907	0.0042299	0.99991
1.6583	0.22498	0.81773	-0.0035809	0.99907	0.038388	-0.019383	-0.038444	0.99926	-0.002524	0.019272	0.0032669	0.99981
1.7085	0.22482	0.81778	-0.0035822	0.99897	0.038095	-0.024469	-0.038147	0.99927	-0.0016742	0.024387	0.0026059	0.9997
1.7588	0.22466	0.81783	-0.0036159	0.99876	0.037854	-0.032287	-0.037879	0.99928	-0.00017693	0.032257	0.0013997	0.99948
1.809	0.22449	0.81789	-0.0037208	0.99869	0.037428	-0.034796	-0.037422	0.9993	0.00081332	0.034802	0.0004899	0.99939
1.8593	0.22433	0.81797	-0.0039404	0.99863	0.036981	-0.037067	-0.036914	0.99932	0.0024991	0.037134	-0.0011274	0.99931
1.9095	0.22416	0.81805	-0.0040309	0.99844	0.036506	-0.042201	-0.036399	0.99933	0.0032941	0.042293	-0.0017529	0.9991
1.9598	0.22399	0.81815	-0.0040801	0.9981	0.036081	-0.050033	-0.035911	0.99935	0.0042984	0.050156	-0.0024935	0.99874
2.0101	0.22382	0.81824	-0.004059	0.99777	0.035488	-0.056526	-0.035305	0.99937	0.0042348	0.05664	-0.0022297	0.99839
2.0603	0.22363	0.81834	-0.0041373	0.9976	0.034773	-0.059931	-0.034552	0.99939	0.0047186	0.060058	-0.0026365	0.99819
2.1106	0.22345	0.81844	-0.0043623	0.99782	0.033897	-0.056631	-0.033683	0.99942	0.0047199	0.056758	-0.0028021	0.99838
2.1608	0.22328	0.81854	-0.0045987	0.99808	0.033007	-0.052486	-0.03281	0.99945	0.0046042	0.052609	-0.0028733	0.99861
2.2111	0.2231	0.81864	-0.0047963	0.99833	0.032095	-0.048132	-0.031926	0.99948	0.0042754	0.048244	-0.0027316	0.99883
2.2613	0.22292	0.81875	-0.0050436	0.99866	0.031115	-0.04142	-0.030964	0.99951	0.0042842	0.041533	-0.002996	0.99913
2.3116	0.22275	0.81886	-0.0052847	0.99901	0.030035	-0.03289	-0.029912	0.99954	0.0042166	0.033002	-0.0032286	0.99945
2.3618	0.22258	0.81898	-0.0054856	0.9993	0.028861	-0.023898	-0.028778	0.99958	0.0038344	0.023999	-0.003144	0.99971
2.4121	0.22242	0.8191	-0.0056493	0.99949	0.027541	-0.016402	-0.027495	0.99962	0.0030561	0.01648	-0.0026036	0.99986
2.4623	0.22227	0.81922	-0.0057249	0.99955	0.026371	-0.0143	-0.026344	0.99965	0.0020448	0.014349	-0.0016671	0.9999
2.5126	0.22211	0.81935	-0.0057286	0.99963	0.025134	-0.01007	-0.025126	0.99968	0.00099289	0.010091	-0.00073952	0.99995
2.5628	0.22194	0.81947	-0.0056425	0.99971	0.023967	-0.0034867	-0.02397	0.99971	-0.00082981	0.0034658	0.00091314	0.99999
2.6131	0.22176	0.81958	-0.00545	0.99974	0.022733	0.0024694	-0.022728	0.99974	-0.0022052	-0.0025189	0.0021485	0.99999
2.6633	0.22158	0.81968	-0.0052139	0.9997	0.021428	0.011618	-0.021389	0.99977	-0.0034177	-0.011689	0.0031682	0.99993
2.7136	0.2214	0.81978	-0.0049263	0.99954	0.020338	0.022446	-0.020241	0.99978	-0.0045387	-0.022534	0.0040823	0.99974
2.7638	0.22123	0.81986	-0.0044876	0.99917	0.019319	0.035975	-0.019115	0.9998	-0.0060164	-0.036084	0.0053237	0.99933
2.8141	0.22108	0.81992	-0.0039837	0.99864	0.018373	0.048816	-0.01804	0.99981	-0.0072431	-0.048939	0.0063526	0.99878
2.8643	0.22094	0.81997	-0.0036412	0.99824	0.017571	0.056608	-0.017198	0.99983	-0.0070691	-0.056722	0.0060832	0.99837
2.9146	0.22081	0.82002	-0.003479	0.99813	0.016867	0.058748	-0.0165	0.99984	-0.006724	-0.058852	0.0057421	0.99825
2.9648	0.22067	0.82008	-0.0034015	0.99828	0.016248	0.05638	-0.015917	0.99985	-0.0063065	-0.056474	0.0053982	0.99839
3.0151	0.22052	0.82013	-0.0034328	0.99874	0.015778	0.047635	-0.015506	0.99986	-0.006074	-0.047724	0.0053277	0.99885
3.0653	0.22036	0.8202	-0.0035137	0.99919	0.015325	0.03732	-0.015131	0.99987	-0.0054677	-0.037399	0.0048986	0.99929
3.1156	0.22021	0.82026	-0.0035547	0.99954	0.015012	0.026232	-0.014881	0.99988	-0.0052002	-0.026307	0.0048075	0.99964
3.1658	0.22004	0.82031	-0.0034675	0.99974	0.014643	0.017722	-0.014543	0.99988	-0.005724	-0.017804	0.0054647	0.99983
3.2161	0.21988	0.82036	-0.0033697	0.99984	0.014334	0.010513	-0.014267	0.99988	-0.0064089	-0.010603	0.0062579	0.99992
3.2663	0.21973	0.82038	-0.0031512	0.99989	0.014143	0.004809	-0.014104	0.99987	-0.0079497	-0.0049208	0.0078809	0.99996
3.3166	0.21959	0.82041	-0.0030945	0.9999	0.013993	-6.979e-007	-0.013992	0.99987	-0.0077505	-0.00010775	0.0077498	0.99997
3.3668	0.21945	0.82044	-0.0031049	0.99988	0.013944	-0.0060403	-0.013987	0.99988	-0.0072004	0.0059391	0.0072841	0.99996
3.4171	0.21931	0.82048	-0.0031196	0.99982	0.013906	-0.012626	-0.013982	0.99988	-0.0058771	0.012543	0.0060526	0.9999
3.4673	0.21917	0.82053	-0.00325	0.99979	0.013766	-0.015153	-0.013832	0.9999	-0.0042627	0.015092	0.0044714	0.99988
3.5176	0.21904	0.82059	-0.0034575	0.99965	0.013757	-0.022431	-0.013797	0.9999	-0.0016348	0.022407	0.0019437	0.99975
3.5678	0.2189	0.82067	-0.0036034	0.99947	0.01363	-0.029441	-0.013625	0.99991	0.00036648	0.029443	3.4854e-005	0.99957
3.6181	0.21875	0.82074	-0.0035773	0.99905	0.013562	-0.041387	-0.013526	0.99991	0.0011584	0.041399	-0.00059749	0.99914
3.6683	0.21859	0.82082	-0.0034792	0.99848	0.013382	-0.053408	-0.013316	0.99991	0.0015879	0.053424	-0.00087428	0.99857
3.7186	0.21842	0.8209	-0.0034187	0.99792	0.013073	-0.063112	-0.012958	0.99991	0.0022363	0.063136	-0.0014138	0.998
3.7688	0.21825	0.82098	-0.0034115	0.99728	0.012648	-0.072579	-0.012462	0.99992	0.0030088	0.072611	-0.0020961	0.99736
3.8191	0.21808	0.82107	-0.0035215	0.99705	0.012179	-0.075717	-0.011956	0.99992	0.0033944	0.075752	-0.0024791	0.99712
3.8693	0.21793	0.82116	-0.003896	0.99764	0.011427	-0.067764	-0.0112	0.99993	0.0037415	0.067802	-0.0029737	0.99769
3.9196	0.21777	0.82126	-0.0041808	0.99784	0.010722	-0.064759	-0.010463	0.99994	0.0043374	0.064801	-0.0036504	0.99789
3.9698	0.21762	0.82136	-0.004387	0.99788	0.009963	-0.064275	-0.009685	0.99994	0.0046348	0.064318	-0.0040024	0.99792
4.0201	0.21747	0.82147	-0.0046307	0.99809	0.0092104	-0.061044	-0.008945	0.99995	0.0046193	0.061083	-0.0040644	0.99812
4.0704	0.21732	0.82158	-0.0048451	0.9983	0.0084013	-0.057652	-0.0081846	0.99996	0.0039942	0.057683	-0.0035156	0.99833
4.1206	0.21717	0.82169	-0.005123	0.99874	0.007685	-0.049555	-0.0075332	0.99997	0.0032486	0.049579	-0.0028712	0.99877
4.1709	0.21702	0.8218	-0.0053553	0.99916	0.0069208	-0.040341	-0.0068233	0.99997	0.0025522	0.040358	-0.0022748	0.99918
4.2211	0.21688	0.82192	-0.0057432	0.99971	0.0063709	-0.023114	-0.0062938	0.99997	0.0034055	0.023135	-0.0032591	0.99973
4.2714	0.21673	0.82204	-0.0060364	0.99998	0.0057595	-0.0013244	-0.0057544	0.99998	0.0038043	0.0013463	-0.0037966	0.99999
4.3216	0.21659	0.82216	-0.0061104	0.99983	0.0049451	0.017505	-0.0050107	0.99998	0.0037042	-0.017486	-0.0037913	0.99984
4.3719	0.21646	0.82228	-0.0060803	0.99955	0.0039847	0.029615	-0.0040913	0.99999	0.0035411	-0.0296	-0.0036607	0.99956
4.4221	0.21632	0.8224	-0.0059886	0.99925	0.0027005	0.038751	-0.0028153	0.99999	0.0029088	-0.038743	-0.0030157	0.99924
4.4724	0.21618	0.82251	-0.0058327	0.99885	0.0011178	0.048002	-0.0012194	1	0.0020878	-0.048	-0.0021439	0.99885
4.5226	0.21604	0.82261	-0.0056066	0.9984	-0.001005	0.056484	0.00097449	1	0.0005678	-0.056484	-0.00051185	0.9984
4.5729	0.2159	0.82272	-0.0052069	0.99778	-0.0027854	0.06659	0.0029506	0.99999	-0.0023825	-0.066583	0.0025737	0.99778
4.6231	0.21576	0.82281	-0.004584	0.99686	-0.0043082	0.079022	0.0047114	0.99998	-0.0049174	-0.078999	0.0052743	0.99686
4.6734	0.21563	0.82289	-0.0038758	0.9959	-0.0057019	0.090295	0.0063626	0.99996	-0.0070313	-0.090251	0.0075769	0.99589
4.7236	0.21551	0.82295	-0.0032216	0.99512	-0.0069243	0.098467	0.0077653	0.99994	-0.00816	-0.098405	0.0088847	0.99511
4.7739	0.21539	0.82299	-0.0026761	0.99461	-0.008014	0.10339	0.0090056	0.99992	-0.009128	-0.10331	0.01001	0.9946
4.8241	0.21526	0.82302	-0.0023278	0.99463	-0.0089729	0.10307	0.0099939	0.99991	-0.0093937	-0.10298	0.010373	0.99463
4.8744	0.21512	0.82305	-0.0022989	0.9953	-0.0097182	0.096339	0.010638	0.9999	-0.0090359	-0.096242	0.010018	0.99531
4.9246	0.21499	0.82309	-0.0022566	0.99573	-0.010298	0.091772	0.011091	0.99991	-0.0081328	-0.09168	0.0091158	0.99575
4.9749	0.21485	0.82313	-0.0024008	0.99653	-0.010646	0.082493	0.01129	0.99991	-0.0073437	-0.082408	0.0082496	0.99656
5.0251	0.21471	0.82317	-0.0023933	0.99721	-0.010901	0.07384	0.01151	0.9999	-0.0078322	-0.073748	0.0086603	0.99724
5.0754	0.21456	0.82321	-0.0025133	0.99796	-0.011088	0.062874	0.011608	0.9999	-0.00792	-0.06278	0.0086337	0.99799
5.1256	0.21442	0.82324	-0.0024793	0.9986	-0.011199	0.05165	0.011677	0.99989	-0.0089696	-0.051544	0.0095602	0.99862
5.1759	0.21429	0.82327	-0.0024779	0.99906	-0.011135	0.041819	0.011542	0.99989	-0.0094949	-0.041708	0.0099687	0.99908
5.2261	0.21416	0.82329	-0.0024674	0.99938	-0.011049	0.033533	0.01139	0.99989	-0.0099957	-0.033418	0.010371	0.99939
5.2764	0.21405	0.82332	-0.0025578	0.99967	-0.010837	0.023495	0.011069	0.99989	-0.0097573	-0.023387	0.010014	0.99968
5.3266	0.21394	0.82334	-0.0025671	0.99983	-0.010639	0.015243	0.010789	0.99989	-0.0097901	-0.015137	0.0099529	0.99984
5.3769	0.21382	0.82337	-0.0025797	0.99992	-0.010469	0.0071847	0.010539	0.9999	-0.0097762	-0.0070816	0.0098511	0.99993
5.4271	0.21372	0.8234	-0.0025293	0.99995	-0.010188	-0.0023312	0.010164	0.9999	-0.0097684	0.0024305	0.0097441	0.99995
5.4774	0.2136	0.82343	-0.0025458	0.99987	-0.0099677	-0.012501	0.0098552	0.99991	-0.0090246	0.012589	0.0089002	0.99988
5.5276	0.21348	0.82347	-0.0026268	0.99967	-0.0096981	-0.023863	0.0095116	0.99992	-0.0079157	0.023938	0.0076861	0.99968
5.5779	0.21338	0.82351	-0.0025915	0.99927	-0.0092713	-0.03693	0.0090145	0.99993	-0.0071128	0.036994	0.0067747	0.99929
5.6281	0.21326	0.82357	-0.0025716	0.9988	-0.0089038	-0.048188	0.0086332	0.99995	-0.0058206	0.048237	0.0053976	0.99882
5.6784	0.21314	0.82362	-0.0024579	0.99831	-0.0086426	-0.057518	0.0083595	0.99995	-0.00516	0.05756	0.0046704	0.99833
5.7286	0.21301	0.82367	-0.0024089	0.99798	-0.0086114	-0.063005	0.0083223	0.99995	-0.0048494	0.063043	0.0043152	0.998
5.7789	0.21289	0.82372	-0.0023726	0.9976	-0.0085575	-0.068705	0.0082892	0.99996	-0.0041886	0.068738	0.0036091	0.99763
5.8291	0.21277	0.82376	-0.0024813	0.99752	-0.0085775	-0.069885	0.0083606	0.99996	-0.0033947	0.069911	0.0028019	0.99755
5.8794	0.21266	0.8238	-0.0027054	0.99774	-0.0086938	-0.066661	0.0085456	0.99996	-0.0025091	0.06668	0.0019338	0.99777
5.9296	0.21255	0.82384	-0.0028684	0.9977	-0.0087593	-0.067261	0.0086701	0.99996	-0.0016182	0.067273	0.0010313	0.99773
5.9799	0.21243	0.82388	-0.002944	0.99732	-0.0087304	-0.072621	0.0087385	0.99996	-0.00020706	0.07262	-0.00042809	0.99736
6.0302	0.2123	0.82394	-0.0030851	0.99696	-0.0087774	-0.077384	0.008911	0.99996	0.0013815	0.077369	-0.0020668	0.997
6.0804	0.21218	0.82399	-0.0032698	0.99662	-0.0089357	-0.081632	0.0092268	0.99995	0.003189	0.0816	-0.0039314	0.99666
6.1307	0.21205	0.82406	-0.0033559	0.99602	-0.0092133	-0.088601	0.0096079	0.99995	0.0040278	0.088559	-0.0048631	0.99606
6.1809	0.21191	0.82414	-0.0034066	0.99521	-0.0096337	-0.097251	0.01019	0.99993	0.0052242	0.097194	-0.0061901	0.99525
6.2312	0.21176	0.82422	-0.0034247	0.99431	-0.01027	-0.10602	0.010927	0.99992	0.0056111	0.10595	-0.0067376	0.99435
6.2814	0.21164	0.82432	-0.0038102	0.99469	-0.010997	-0.1023	0.011673	0.99991	0.0060117	0.10222	-0.0071739	0.99474
6.3317	0.21152	0.82442	-0.0043903	0.9956	-0.01186	-0.092962	0.012478	0.9999	0.0060723	0.092881	-0.0072056	0.99565
6.3819	0.2114	0.82453	-0.004808	0.99609	-0.012844	-0.087377	0.013449	0.99989	0.0063376	0.087286	-0.007488	0.99616
6.4322	0.21127	0.82464	-0.0049784	0.99589	-0.014064	-0.089441	0.014657	0.99987	0.0059822	0.089346	-0.0072686	0.99597
6.4824	0.21112	0.82474	-0.0050556	0.99562	-0.014957	-0.092322	0.015551	0.99986	0.0057146	0.092224	-0.0071252	0.99571
6.5327	0.21098	0.82486	-0.0051165	0.99556	-0.01629	-0.092751	0.016958	0.99984	0.0064198	0.092631	-0.0079641	0.99567
6.5829	0.21084	0.82499	-0.0054852	0.99659	-0.018413	-0.080454	0.01975	0.99968	0.015859	0.080136	-0.017394	0.99663
6.6332	0.21075	0.82524	-0.0057254	0.99765	-0.02734	-0.062859	0.029605	0.99894	0.035384	0.061825	-0.037161	0.99739
6.6834	0.21072	0.82545	-0.0060061	0.99867	-0.03817	-0.03465	0.039861	0.99798	0.049487	0.032691	-0.050802	0.99817
6.7337	0.2107	0.8256	-0.0062302	0.99876	-0.049215	-0.0069065	0.049503	0.99747	0.050987	0.0043797	-0.051266	0.99868
6.7839	0.21066	0.8257	-0.0061559	0.99811	-0.058418	0.018974	0.057384	0.99704	0.051127	-0.021904	-0.049942	0.99851
6.8342	0.2106	0.82577	-0.0060148	0.99705	-0.064648	0.041388	0.062827	0.99706	0.043886	-0.044103	-0.041156	0.99818
6.8844	0.21052	0.82581	-0.005655	0.99561	-0.06969	0.062532	0.067349	0.99698	0.03879	-0.065046	-0.034408	0.99729
6.9347	0.21043	0.82586	-0.0051401	0.99362	-0.072935	0.086041	0.070879	0.99713	0.026714	-0.087742	-0.020445	0.99593
6.9849	0.21034	0.82589	-0.0045089	0.99136	-0.075084	0.10757	0.074341	0.99717	0.010904	-0.10808	-0.0028131	0.99414
7.0352	0.21025	0.82587	-0.0037939	0.98898	-0.078346	0.12561	0.079219	0.99686	-0.0019619	-0.12506	0.011891	0.99208
7.0854	0.21015	0.8258	-0.0031026	0.98678	-0.082039	0.13979	0.086278	0.99597	-0.024526	-0.13722	0.036263	0.98988
7.1357	0.21006	0.82572	-0.0020128	0.98374	-0.08404	0.15872	0.092699	0.99454	-0.047952	-0.15383	0.061886	0.98616
7.1859	0.21	0.82554	-0.00046779	0.97968	-0.08604	0.1812	0.10169	0.99168	-0.078884	-0.17291	0.095706	0.98028
7.2362	0.20965	0.82539	-0.00051114	0.97764	-0.10342	0.18309	0.11093	0.99334	-0.031239	-0.17864	0.050851	0.9826
7.2864	0.20941	0.82536	-0.00043813	0.97745	-0.11177	0.17915	0.11517	0.99331	-0.0086906	-0.17698	0.029128	0.98378
7.3367	0.20918	0.82534	-0.00042576	0.97832	-0.11659	0.17118	0.11831	0.99298	0.00017594	-0.17	0.02008	0.98524
7.3869	0.20892	0.82532	-0.00075103	0.98046	-0.1198	0.15605	0.12071	0.99268	0.0037029	-0.15535	0.015206	0.98774
7.4372	0.20865	0.8253	-0.0011537	0.98276	-0.12213	0.1388	0.12271	0.99243	0.0044174	-0.13829	0.01269	0.99031
7.4874	0.2084	0.8253	-0.0015623	0.98486	-0.12372	0.12141	0.12416	0.99225	0.0039369	-0.12096	0.011197	0.99259
7.5377	0.20816	0.82531	-0.0018392	0.98666	-0.12478	0.10455	0.12525	0.99212	0.0020423	-0.10398	0.01108	0.99452
7.5879	0.20795	0.82532	-0.0019888	0.9884	-0.12539	0.0857	0.126	0.99203	-0.0016594	-0.084809	0.012438	0.99632
7.6382	0.20777	0.82533	-0.00208	0.98998	-0.12553	0.064627	0.12622	0.99198	-0.0066765	-0.063271	0.014767	0.99789
7.6884	0.20764	0.82535	-0.0019702	0.99079	-0.1254	0.051163	0.12609	0.99196	-0.010403	-0.049447	0.016758	0.99864
7.7387	0.20754	0.82538	-0.0018184	0.99126	-0.12501	0.042064	0.12564	0.99199	-0.012735	-0.040135	0.017908	0.99903
7.7889	0.20754	0.8254	-0.001463	0.99181	-0.12387	0.030971	0.12446	0.99206	-0.017921	-0.028505	0.021629	0.99936
7.8392	0.20759	0.82545	-0.0013609	0.99211	-0.12258	0.026279	0.1231	0.99221	-0.019083	-0.023736	0.022167	0.99947
7.8894	0.20769	0.8255	-0.0012239	0.99245	-0.12085	0.020723	0.12128	0.9924	-0.020961	-0.018032	0.023316	0.99957
7.9397	0.20782	0.82556	-0.0011908	0.99275	-0.11898	0.017176	0.11934	0.99261	-0.021892	-0.014444	0.023783	0.99961
7.9899	0.20804	0.82562	-0.00092057	0.99312	-0.11649	0.011688	0.11675	0.99285	-0.024944	-0.0086991	0.026137	0.99962
8.0402	0.20845	0.82571	-0.00074631	0.99359	-0.1128	0.0068185	0.11294	0.99324	-0.026844	-0.0037444	0.027443	0.99962
8.0905	0.20897	0.8258	-0.00056312	0.99412	-0.1083	0.0016359	0.1083	0.99369	-0.029333	0.0015511	0.029337	0.99957
8.1407	0.20949	0.82589	-0.00054966	0.99459	-0.10389	-0.0023924	0.10377	0.99412	-0.030912	0.0055899	0.030497	0.99952
8.191	0.20999	0.82598	-0.00053693	0.99501	-0.099781	-0.0027154	0.099644	0.99451	-0.032103	0.0059038	0.031672	0.99948
8.2412	0.21037	0.82606	-0.0006154	0.99532	-0.096455	-0.0063854	0.096196	0.99482	-0.032776	0.0095137	0.032008	0.99944
8.2915	0.21073	0.82613	-0.00059885	0.99558	-0.093262	-0.011115	0.092841	0.99511	-0.033772	0.014211	0.032591	0.99937
8.3417	0.21094	0.8262	-0.0005912	0.99572	-0.090995	-0.015914	0.090405	0.99531	-0.034517	0.01898	0.032931	0.99928
8.392	0.21109	0.82625	-0.00064364	0.99583	-0.089258	-0.018854	0.088572	0.99547	-0.034551	0.021852	0.032737	0.99923
8.4422	0.21121	0.82632	-0.00083746	0.9959	-0.087642	-0.022185	0.086867	0.99565	-0.033754	0.025047	0.031688	0.99918
8.4925	0.21127	0.82639	-0.0009703	0.996	-0.086582	-0.021997	0.085832	0.99576	-0.033027	0.024764	0.031007	0.99921
8.5427	0.2113	0.82647	-0.0010354	0.99605	-0.085751	-0.022849	0.08499	0.99585	-0.032419	0.025534	0.030349	0.99921
8.593	0.21135	0.82654	-0.00079664	0.996	-0.084674	-0.028382	0.083712	0.99593	-0.033514	0.031104	0.031004	0.99904
8.6432	0.21143	0.82658	-0.00047147	0.99585	-0.083392	-0.036585	0.082095	0.99599	-0.035618	0.039408	0.032467	0.9987
8.6935	0.21157	0.8266	-1.6578e-005	0.99544	-0.081504	-0.049636	0.079637	0.99608	-0.038492	0.052579	0.034364	0.99803
8.7437	0.21171	0.82661	0.00010244	0.99503	-0.079812	-0.059468	0.077517	0.99619	-0.039946	0.06243	0.035138	0.99743
8.794	0.21181	0.82661	0.00063869	0.99361	-0.077913	-0.08171	0.07463	0.99631	-0.042493	0.084719	0.036124	0.99575
8.8442	0.21181	0.8266	0.0010493	0.99207	-0.076782	-0.099503	0.072767	0.99641	-0.043381	0.10248	0.035797	0.99409
8.8945	0.21175	0.8266	0.001402	0.99007	-0.075881	-0.11834	0.071232	0.99653	-0.043035	0.1212	0.034178	0.99204
8.9447	0.21166	0.82662	0.0014898	0.9885	-0.075237	-0.13121	0.070538	0.9967	-0.040107	0.13379	0.030391	0.99054
8.995	0.21156	0.82664	0.0013975	0.98765	-0.074792	-0.13766	0.070388	0.99685	-0.036597	0.13997	0.026455	0.9898
9.0452	0.21149	0.82668	0.0011192	0.98776	-0.07447	-0.13708	0.07067	0.99697	-0.032388	0.13908	0.022304	0.99003
9.0955	0.21141	0.8267	0.00097277	0.98743	-0.074093	-0.13965	0.070775	0.99708	-0.028586	0.14136	0.018343	0.98979
9.1457	0.21134	0.82672	0.00079341	0.98748	-0.073837	-0.13942	0.070992	0.99716	-0.025278	0.14089	0.015064	0.98991
9.196	0.21123	0.82671	0.00088472	0.98652	-0.073494	-0.1462	0.070898	0.99722	-0.022894	0.14748	0.01222	0.98899
9.2462	0.21111	0.82669	0.0010475	0.98541	-0.073196	-0.15364	0.070762	0.99727	-0.021258	0.15478	0.010076	0.9879
9.2965	0.21104	0.82671	0.00048069	0.98585	-0.073177	-0.15078	0.071545	0.99731	-0.01623	0.15156	0.0052126	0.98843
9.3467	0.21094	0.82673	0.00027838	0.98471	-0.07307	-0.15816	0.072122	0.99733	-0.011731	0.15859	0.00014536	0.98734
9.397	0.21079	0.82677	0.00036708	0.98252	-0.073084	-0.1712	0.072695	0.99732	-0.008551	0.17136	-0.0040435	0.9852
9.4472	0.21065	0.82682	0.00037944	0.98102	-0.073569	-0.1794	0.073581	0.99727	-0.0065934	0.1794	-0.0067323	0.98375
9.4975	0.21055	0.8269	-0.0001474	0.98121	-0.074654	-0.17791	0.075123	0.99717	-0.0041048	0.17771	-0.0093371	0.98404
9.5477	0.21048	0.827	-0.00094057	0.98245	-0.076192	-0.17024	0.077042	0.99703	-0.0016175	0.16986	-0.011527	0.9854
9.598	0.21041	0.8271	-0.0017442	0.98393	-0.07776	-0.16072	0.078777	0.99689	-4.5092e-005	0.16022	-0.012616	0.987
9.6482	0.21035	0.82721	-0.0026465	0.98628	-0.080212	-0.1443	0.081234	0.99669	0.0011959	0.14373	-0.012902	0.98953
9.6985	0.21028	0.82739	-0.0037262	0.98876	-0.085632	-0.12259	0.086636	0.99624	0.0028684	0.12189	-0.013457	0.99245
9.7487	0.21024	0.82766	-0.0049672	0.99111	-0.094584	-0.093619	0.096786	0.99512	0.019253	0.091341	-0.028143	0.99542
9.799	0.21022	0.82782	-0.0055486	0.99334	-0.098683	-0.059501	0.10199	0.99324	0.055393	0.053633	-0.061093	0.99669
9.8492	0.2102	0.82798	-0.0047748	0.99407	-0.10237	-0.036623	0.10551	0.98958	0.097934	0.026217	-0.10122	0.99452
9.8995	0.21017	0.82816	-0.003339	0.99442	-0.10505	-0.0099903	0.10542	0.98465	0.13914	-0.0047795	-0.13941	0.99022
9.9497	0.21004	0.8285	-0.00090139	0.99423	-0.10346	0.028143	0.096276	0.97696	0.19046	-0.0472	-0.18665	0.98129
10	0.20964	0.829	0.0013967	0.99306	-0.093071	0.071949	0.074667	0.97129	0.22586	-0.090905	-0.21892	0.9715
