0	0.24189	0.83363	0.0019884	0.99	0.05353	-0.13051	-0.071745	0.98767	-0.13913	0.12145	0.1471	0.98164
0.0050251	0.24188	0.83365	0.0019023	0.98996	0.054131	-0.13058	-0.071741	0.98836	-0.13417	0.12179	0.14219	0.98232
0.01005	0.24188	0.83366	0.0017784	0.98992	0.054727	-0.13065	-0.071715	0.98904	-0.12909	0.12215	0.13716	0.98299
0.015075	0.24187	0.83368	0.0016329	0.9899	0.055315	-0.13054	-0.071662	0.98968	-0.12405	0.12233	0.13215	0.98365
0.020101	0.24187	0.8337	0.0014843	0.98988	0.055882	-0.13041	-0.0716	0.99029	-0.11913	0.12248	0.12726	0.98428
0.025126	0.24186	0.83371	0.0013485	0.98987	0.056426	-0.13026	-0.071542	0.99085	-0.11445	0.12261	0.12261	0.98485
0.030151	0.24185	0.83373	0.0012192	0.98987	0.056947	-0.13007	-0.071481	0.99136	-0.10994	0.12269	0.11813	0.98539
0.035176	0.24185	0.83374	0.0010895	0.98986	0.05745	-0.12989	-0.071417	0.99184	-0.10556	0.12276	0.11377	0.98589
0.040201	0.24184	0.83376	0.0009711	0.98986	0.057931	-0.12968	-0.071355	0.99229	-0.10138	0.12281	0.10961	0.98636
0.045226	0.24183	0.83377	0.00086658	0.98986	0.058389	-0.12949	-0.071301	0.99268	-0.097432	0.12285	0.10568	0.98678
0.050251	0.24182	0.83378	0.00076542	0.98986	0.05883	-0.12926	-0.071247	0.99305	-0.093631	0.12286	0.10189	0.98718
0.055276	0.24181	0.83379	0.00066114	0.98987	0.059256	-0.12901	-0.071187	0.9934	-0.089921	0.12283	0.098194	0.98756
0.060302	0.2418	0.8338	0.00056591	0.98988	0.059664	-0.12876	-0.071131	0.99372	-0.086377	0.1228	0.094662	0.98791
0.065327	0.24179	0.83382	0.0004834	0.98989	0.060054	-0.12849	-0.071082	0.99401	-0.083041	0.12273	0.091335	0.98823
0.070352	0.24178	0.83383	0.0004087	0.9899	0.060425	-0.12823	-0.071037	0.99427	-0.079867	0.12267	0.088169	0.98852
0.075377	0.24177	0.83384	0.00033474	0.98992	0.060783	-0.12793	-0.070988	0.99452	-0.076787	0.12256	0.085094	0.98881
0.080402	0.24176	0.83385	0.0002605	0.98994	0.061127	-0.12758	-0.070933	0.99475	-0.073787	0.1224	0.082095	0.98908
0.085427	0.24175	0.83386	0.00019627	0.98996	0.061452	-0.12728	-0.070885	0.99496	-0.070955	0.12228	0.079265	0.98933
0.090452	0.24174	0.83387	0.00013745	0.98998	0.061763	-0.12701	-0.070842	0.99515	-0.068252	0.12218	0.076565	0.98955
0.095477	0.24173	0.83388	6.936e-005	0.99	0.062066	-0.12665	-0.070789	0.99533	-0.065576	0.12199	0.073886	0.98978
0.1005	0.24171	0.83388	8.2865e-006	0.99003	0.062354	-0.12627	-0.070738	0.9955	-0.06303	0.12178	0.071334	0.98999
0.10553	0.2417	0.83389	-4.0706e-005	0.99005	0.062626	-0.12597	-0.070697	0.99565	-0.060651	0.12163	0.068954	0.99018
0.11055	0.24169	0.8339	-9.2067e-005	0.99007	0.062887	-0.1257	-0.070655	0.99579	-0.058319	0.12151	0.066621	0.99035
0.11558	0.24168	0.83391	-0.00014489	0.9901	0.06314	-0.12539	-0.070611	0.99593	-0.056051	0.12134	0.06435	0.99052
0.1206	0.24166	0.83392	-0.00019132	0.99012	0.06338	-0.12508	-0.070568	0.99605	-0.053895	0.12117	0.06219	0.99068
0.12563	0.24165	0.83393	-0.00023395	0.99013	0.063609	-0.12485	-0.070532	0.99616	-0.051835	0.12108	0.06013	0.99082
0.13065	0.24164	0.83393	-0.00027463	0.99015	0.06383	-0.12461	-0.070495	0.99627	-0.04983	0.12096	0.058124	0.99095
0.13568	0.24162	0.83394	-0.00032292	0.99017	0.064042	-0.12437	-0.070451	0.99637	-0.047829	0.12086	0.056121	0.99108
0.1407	0.24161	0.83395	-0.00036262	0.99018	0.064246	-0.12419	-0.070412	0.99646	-0.045915	0.1208	0.054208	0.9912
0.14573	0.24159	0.83396	-0.00039265	0.99018	0.064439	-0.12405	-0.07038	0.99654	-0.044116	0.12078	0.052413	0.99129
0.15075	0.24158	0.83397	-0.00042503	0.99019	0.064626	-0.12386	-0.070345	0.99662	-0.042362	0.1207	0.05066	0.9914
0.15578	0.24157	0.83397	-0.00046371	0.99022	0.064807	-0.12358	-0.070303	0.9967	-0.040641	0.12054	0.048931	0.9915
0.1608	0.24155	0.83398	-0.00049839	0.99024	0.064978	-0.12332	-0.070264	0.99677	-0.039002	0.12039	0.047287	0.9916
0.16583	0.24154	0.83399	-0.00052078	0.99025	0.06514	-0.12314	-0.070235	0.99683	-0.037485	0.12031	0.045769	0.99168
0.17085	0.24152	0.834	-0.00054445	0.99026	0.065297	-0.12298	-0.070203	0.99688	-0.035987	0.12025	0.04427	0.99176
0.17588	0.24151	0.83401	-0.00057632	0.99028	0.065449	-0.12275	-0.070164	0.99694	-0.034488	0.12012	0.042765	0.99184
0.1809	0.24149	0.83401	-0.00059495	0.99029	0.06559	-0.12255	-0.070131	0.99699	-0.033108	0.12001	0.041381	0.99191
0.18593	0.24148	0.83402	-0.00061035	0.9903	0.065726	-0.12241	-0.070103	0.99703	-0.031797	0.11996	0.04007	0.99197
0.19095	0.24146	0.83403	-0.00063371	0.99032	0.065858	-0.12221	-0.070069	0.99708	-0.030482	0.11984	0.03875	0.99204
0.19598	0.24145	0.83404	-0.00065994	0.99034	0.065983	-0.12196	-0.070031	0.99712	-0.029197	0.11968	0.037456	0.99211
0.20101	0.24143	0.83404	-0.00067676	0.99035	0.066101	-0.12178	-0.069999	0.99715	-0.028006	0.11958	0.03626	0.99216
0.20603	0.24142	0.83405	-0.00069004	0.99035	0.066214	-0.12173	-0.069973	0.99719	-0.026864	0.11961	0.035123	0.9922
0.21106	0.2414	0.83406	-0.00070325	0.99036	0.066325	-0.1216	-0.069946	0.99722	-0.025753	0.11955	0.03401	0.99225
0.21608	0.24139	0.83406	-0.0007251	0.99038	0.066429	-0.12137	-0.069911	0.99725	-0.024657	0.1194	0.032905	0.9923
0.22111	0.24137	0.83407	-0.00074879	0.9904	0.066528	-0.12114	-0.069874	0.99728	-0.023581	0.11924	0.031819	0.99235
0.22613	0.24136	0.83408	-0.00076494	0.99042	0.066622	-0.12095	-0.069843	0.9973	-0.022585	0.11912	0.030816	0.9924
0.23116	0.24134	0.83409	-0.00078039	0.99044	0.066712	-0.12074	-0.06981	0.99733	-0.02161	0.11898	0.029833	0.99245
0.23618	0.24133	0.83409	-0.00080789	0.99047	0.066798	-0.12042	-0.069767	0.99735	-0.020607	0.11873	0.028812	0.99251
0.24121	0.24131	0.8341	-0.00082733	0.9905	0.066877	-0.12014	-0.069729	0.99737	-0.019691	0.11851	0.027881	0.99256
0.24623	0.2413	0.83411	-0.00084169	0.99052	0.066953	-0.11991	-0.069697	0.99739	-0.01884	0.11833	0.027019	0.99261
0.25126	0.24128	0.83412	-0.00085901	0.99054	0.067025	-0.11972	-0.069661	0.99741	-0.017966	0.1182	0.026136	0.99265
0.25628	0.24127	0.83412	-0.00088354	0.99057	0.067096	-0.11942	-0.06962	0.99743	-0.017085	0.11797	0.025238	0.9927
0.26131	0.24125	0.83413	-0.00090343	0.99061	0.067159	-0.11911	-0.069578	0.99744	-0.016266	0.11772	0.0244	0.99275
0.26633	0.24124	0.83414	-0.00092028	0.99062	0.067219	-0.11893	-0.069541	0.99746	-0.015475	0.11759	0.023601	0.99278
0.27136	0.24122	0.83415	-0.00093532	0.99064	0.067279	-0.11877	-0.069506	0.99747	-0.01471	0.11748	0.022827	0.99281
0.27638	0.2412	0.83415	-0.00095939	0.99066	0.067335	-0.11854	-0.069465	0.99749	-0.013923	0.1173	0.022027	0.99285
0.28141	0.24119	0.83416	-0.00097949	0.99069	0.067387	-0.11833	-0.069422	0.9975	-0.01316	0.11714	0.021251	0.99289
0.28643	0.24117	0.83417	-0.00099355	0.9907	0.067436	-0.11819	-0.069384	0.99751	-0.01244	0.11706	0.020525	0.99291
0.29146	0.24116	0.83418	-0.0010122	0.99072	0.067484	-0.11802	-0.069343	0.99752	-0.011719	0.11694	0.019795	0.99294
0.29648	0.24114	0.83418	-0.001037	0.99074	0.067528	-0.11782	-0.069297	0.99754	-0.010984	0.11679	0.019047	0.99297
0.30151	0.24113	0.83419	-0.0010575	0.99076	0.067568	-0.11761	-0.069253	0.99755	-0.010294	0.11662	0.018344	0.99301
0.30653	0.24111	0.8342	-0.0010744	0.99078	0.067605	-0.1174	-0.069211	0.99756	-0.0096521	0.11646	0.017688	0.99304
0.31156	0.2411	0.83421	-0.0010912	0.9908	0.06764	-0.11725	-0.069169	0.99756	-0.0090202	0.11636	0.017048	0.99306
0.31658	0.24108	0.83422	-0.0011153	0.99083	0.067673	-0.11699	-0.069123	0.99757	-0.0083803	0.11613	0.01639	0.9931
0.32161	0.24107	0.83422	-0.0011287	0.99084	0.0677	-0.11683	-0.069081	0.99758	-0.0078096	0.11601	0.015809	0.99312
0.32663	0.24105	0.83423	-0.0011413	0.99085	0.067729	-0.11673	-0.069043	0.99759	-0.0072489	0.11596	0.015242	0.99314
0.33166	0.24104	0.83424	-0.0011577	0.99086	0.067756	-0.11662	-0.069002	0.99759	-0.0066782	0.11589	0.014664	0.99315
0.33668	0.24102	0.83425	-0.0011766	0.99089	0.067778	-0.11641	-0.068958	0.9976	-0.0061325	0.11571	0.014104	0.99318
0.34171	0.241	0.83426	-0.0011962	0.99091	0.067797	-0.11623	-0.068911	0.99761	-0.0055837	0.11557	0.013543	0.99321
0.34673	0.24099	0.83427	-0.001213	0.99092	0.067817	-0.11613	-0.068869	0.99761	-0.0050682	0.11551	0.01302	0.99322
0.35176	0.24097	0.83427	-0.0012283	0.99093	0.067833	-0.11596	-0.068824	0.99762	-0.0045636	0.11537	0.012503	0.99324
0.35678	0.24096	0.83428	-0.0012474	0.99095	0.067846	-0.11583	-0.068775	0.99762	-0.0040442	0.11528	0.011974	0.99326
0.36181	0.24094	0.83429	-0.0012576	0.99095	0.067859	-0.11586	-0.068734	0.99763	-0.0035706	0.11534	0.011502	0.99326
0.36683	0.24093	0.8343	-0.0012673	0.99094	0.067873	-0.11588	-0.068697	0.99763	-0.0031199	0.11539	0.011052	0.99326
0.37186	0.24091	0.83431	-0.0012811	0.99095	0.067883	-0.1158	-0.068652	0.99764	-0.0026636	0.11535	0.01059	0.99327
0.37688	0.2409	0.83432	-0.001297	0.99096	0.067888	-0.1157	-0.068604	0.99764	-0.0022181	0.11528	0.010136	0.99328
0.38191	0.24088	0.83433	-0.001305	0.99097	0.067891	-0.11567	-0.068563	0.99765	-0.0018348	0.11527	0.0097486	0.99329
0.38693	0.24086	0.83434	-0.0013082	0.99097	0.067893	-0.11562	-0.068525	0.99765	-0.001492	0.11525	0.0094012	0.99329
0.39196	0.24085	0.83435	-0.0013159	0.99098	0.067892	-0.11556	-0.068481	0.99765	-0.0011268	0.11521	0.0090302	0.9933
0.39698	0.24083	0.83436	-0.0013287	0.99099	0.06789	-0.11546	-0.068435	0.99766	-0.00075812	0.11514	0.008653	0.99331
0.40201	0.24082	0.83436	-0.0013351	0.991	0.067884	-0.11537	-0.068393	0.99766	-0.0004597	0.11507	0.0083461	0.99332
0.40704	0.2408	0.83437	-0.0013383	0.991	0.067877	-0.11534	-0.068355	0.99766	-0.00018459	0.11506	0.0080671	0.99333
0.41206	0.24078	0.83438	-0.0013446	0.99101	0.067871	-0.11529	-0.068314	0.99766	0.0001065	0.11503	0.0077705	0.99333
0.41709	0.24077	0.83439	-0.001353	0.99102	0.067861	-0.11519	-0.068273	0.99767	0.00036799	0.11495	0.0074997	0.99334
0.42211	0.24075	0.8344	-0.0013576	0.99103	0.067849	-0.11512	-0.068236	0.99767	0.00058518	0.11489	0.0072752	0.99335
0.42714	0.24074	0.83441	-0.0013591	0.99103	0.067839	-0.1151	-0.068202	0.99767	0.00078002	0.11488	0.0070771	0.99335
0.43216	0.24072	0.83442	-0.0013621	0.99104	0.067827	-0.11503	-0.068167	0.99767	0.00097277	0.11483	0.0068776	0.99336
0.43719	0.24071	0.83442	-0.0013687	0.99105	0.067812	-0.11494	-0.068129	0.99768	0.0011695	0.11476	0.0066721	0.99337
0.44221	0.24069	0.83443	-0.0013706	0.99106	0.067796	-0.1149	-0.068094	0.99768	0.0013364	0.11472	0.0064993	0.99338
0.44724	0.24067	0.83444	-0.0013641	0.99106	0.067783	-0.11494	-0.068067	0.99768	0.0014504	0.11478	0.0063865	0.99337
0.45226	0.24066	0.83445	-0.0013621	0.99106	0.067767	-0.11489	-0.068036	0.99768	0.0015824	0.11473	0.0062485	0.99338
0.45729	0.24064	0.83446	-0.0013638	0.99106	0.067751	-0.11491	-0.068001	0.99768	0.0017464	0.11476	0.0060831	0.99337
0.46231	0.24063	0.83447	-0.0013611	0.99106	0.067734	-0.11493	-0.067967	0.99769	0.0019007	0.1148	0.005928	0.99337
0.46734	0.24061	0.83447	-0.0013526	0.99105	0.067719	-0.11504	-0.067937	0.99769	0.0020267	0.11492	0.0058073	0.99336
0.47236	0.24059	0.83448	-0.0013505	0.99104	0.067703	-0.1151	-0.067902	0.99769	0.0021939	0.11498	0.0056412	0.99335
0.47739	0.24058	0.83449	-0.0013523	0.99104	0.067684	-0.11511	-0.067862	0.99769	0.0023738	0.11501	0.0054593	0.99335
0.48241	0.24056	0.8345	-0.0013498	0.99103	0.067664	-0.11521	-0.067827	0.99769	0.002514	0.11512	0.005323	0.99334
0.48744	0.24054	0.8345	-0.0013439	0.99102	0.067647	-0.11536	-0.067798	0.9977	0.0026194	0.11527	0.0052252	0.99332
0.49246	0.24053	0.83451	-0.0013403	0.991	0.067629	-0.11548	-0.067766	0.9977	0.002739	0.1154	0.0051114	0.99331
0.49749	0.24051	0.83452	-0.0013419	0.991	0.067608	-0.11554	-0.06773	0.9977	0.0028671	0.11547	0.0049844	0.9933
0.50251	0.24049	0.83453	-0.0013334	0.99098	0.067586	-0.11572	-0.067701	0.9977	0.0029433	0.11565	0.0049173	0.99328
0.50754	0.24048	0.83453	-0.0013255	0.99096	0.067568	-0.11591	-0.067677	0.9977	0.0029983	0.11585	0.0048734	0.99325
0.51256	0.24046	0.83454	-0.0013217	0.99094	0.067548	-0.11609	-0.067649	0.9977	0.0030749	0.11603	0.0048065	0.99323
0.51759	0.24044	0.83455	-0.0013211	0.99093	0.067527	-0.1162	-0.067619	0.99771	0.0031542	0.11615	0.004732	0.99322
0.52261	0.24042	0.83456	-0.0013131	0.99091	0.067505	-0.11636	-0.067594	0.99771	0.0031848	0.11631	0.0047095	0.9932
0.52764	0.24041	0.83456	-0.0013045	0.99089	0.067483	-0.11652	-0.067569	0.99771	0.0032098	0.11647	0.0046924	0.99318
0.53266	0.24039	0.83457	-0.0012987	0.99088	0.067461	-0.11668	-0.067539	0.99771	0.003287	0.11664	0.0046237	0.99316
0.53769	0.24037	0.83458	-0.0012982	0.99086	0.067437	-0.1168	-0.067502	0.99771	0.0033998	0.11676	0.0045153	0.99315
0.54271	0.24035	0.83458	-0.0012909	0.99084	0.067413	-0.11699	-0.067468	0.99772	0.0034939	0.11696	0.0044315	0.99313
0.54774	0.24034	0.83459	-0.0012826	0.99082	0.067392	-0.11723	-0.067438	0.99772	0.0035777	0.11721	0.0043612	0.9931
0.55276	0.24032	0.8346	-0.001285	0.9908	0.067368	-0.11738	-0.067398	0.99772	0.0037222	0.11736	0.0042234	0.99308
0.55779	0.2403	0.83461	-0.0012876	0.99078	0.067342	-0.11753	-0.067353	0.99772	0.0038806	0.11752	0.004071	0.99306
0.56281	0.24028	0.83461	-0.0012862	0.99076	0.067315	-0.11774	-0.067313	0.99772	0.0039997	0.11774	0.0039629	0.99304
0.56784	0.24026	0.83462	-0.0012821	0.99072	0.067293	-0.11806	-0.067279	0.99773	0.0041027	0.11807	0.0038783	0.993
0.57286	0.24025	0.83463	-0.0012863	0.9907	0.067268	-0.11824	-0.06724	0.99773	0.0042297	0.11826	0.00376	0.99298
0.57789	0.24023	0.83463	-0.0012918	0.99069	0.067239	-0.1184	-0.067196	0.99773	0.0043569	0.11842	0.0036398	0.99296
0.58291	0.24021	0.83464	-0.0012953	0.99067	0.06721	-0.11859	-0.067153	0.99773	0.0044827	0.11862	0.0035228	0.99293
0.58794	0.24019	0.83465	-0.0013026	0.99064	0.067183	-0.1188	-0.06711	0.99773	0.0046192	0.11884	0.0033965	0.99291
0.59296	0.24017	0.83466	-0.0013101	0.99062	0.067154	-0.11899	-0.067064	0.99774	0.0047592	0.11904	0.0032652	0.99288
0.59799	0.24015	0.83466	-0.0013226	0.9906	0.067126	-0.11919	-0.067016	0.99774	0.0049348	0.11925	0.003099	0.99286
0.60302	0.24014	0.83467	-0.0013344	0.99059	0.067095	-0.1193	-0.066964	0.99774	0.0051111	0.11937	0.0029259	0.99284
0.60804	0.24012	0.83468	-0.0013425	0.99057	0.067064	-0.11945	-0.066914	0.99774	0.0052683	0.11954	0.0027744	0.99283
0.61307	0.2401	0.83469	-0.0013587	0.99056	0.067032	-0.11956	-0.066857	0.99775	0.0054839	0.11965	0.002561	0.99281
0.61809	0.24008	0.8347	-0.0013791	0.99055	0.066999	-0.11963	-0.066796	0.99775	0.0057156	0.11975	0.0023293	0.9928
0.62312	0.24006	0.83471	-0.0013956	0.99054	0.066964	-0.11974	-0.066735	0.99775	0.00593	0.11987	0.0021168	0.99279
0.62814	0.24004	0.83472	-0.0014055	0.99052	0.066934	-0.11996	-0.066682	0.99776	0.006119	0.1201	0.0019383	0.99276
0.63317	0.24003	0.83473	-0.0014188	0.99051	0.0669	-0.12005	-0.066624	0.99776	0.006319	0.1202	0.0017392	0.99275
0.63819	0.24001	0.83473	-0.0014356	0.99051	0.066861	-0.1201	-0.066557	0.99776	0.0065427	0.12027	0.0015129	0.99274
0.64322	0.23999	0.83474	-0.0014526	0.9905	0.066823	-0.12021	-0.066493	0.99776	0.006762	0.12039	0.0012951	0.99273
0.64824	0.23997	0.83475	-0.0014704	0.9905	0.066783	-0.12022	-0.06643	0.99777	0.0069482	0.12042	0.0011043	0.99272
0.65327	0.23995	0.83476	-0.0014925	0.99051	0.066739	-0.12014	-0.06636	0.99777	0.0071557	0.12035	0.00088435	0.99273
0.65829	0.23994	0.83477	-0.0015176	0.99053	0.066689	-0.11998	-0.066286	0.99777	0.0073528	0.12021	0.00067003	0.99275
0.66332	0.23992	0.83478	-0.0015383	0.99055	0.066637	-0.11986	-0.066213	0.99778	0.0075247	0.12009	0.00048239	0.99276
0.66834	0.2399	0.83479	-0.0015561	0.99056	0.066588	-0.11979	-0.066143	0.99778	0.0076871	0.12004	0.00030903	0.99277
0.67337	0.23988	0.8348	-0.0015813	0.99059	0.066536	-0.11961	-0.06607	0.99778	0.0078619	0.11987	0.00011481	0.99279
0.67839	0.23986	0.83481	-0.0016122	0.99063	0.06648	-0.11933	-0.065993	0.99779	0.0080327	0.1196	-8.2845e-005	0.99282
0.68342	0.23985	0.83482	-0.0016409	0.99068	0.066417	-0.11893	-0.065916	0.99779	0.0081492	0.11921	-0.00023367	0.99287
0.68844	0.23983	0.83484	-0.0016717	0.99073	0.066353	-0.11854	-0.065839	0.9978	0.0082532	0.11883	-0.00037207	0.99291
0.69347	0.23981	0.83485	-0.0017081	0.99078	0.066291	-0.11814	-0.065759	0.9978	0.0083974	0.11844	-0.0005513	0.99296
0.69849	0.2398	0.83486	-0.0017462	0.99085	0.066223	-0.11764	-0.065676	0.9978	0.0085181	0.11794	-0.00071408	0.99302
0.70352	0.23978	0.83487	-0.0017839	0.9909	0.066155	-0.11718	-0.065594	0.99781	0.0086417	0.1175	-0.00087678	0.99307
0.70854	0.23976	0.83488	-0.0018204	0.99097	0.066084	-0.11667	-0.065508	0.99781	0.0087662	0.117	-0.001044	0.99313
0.71357	0.23975	0.83489	-0.0018601	0.99104	0.066012	-0.11615	-0.065419	0.99782	0.0089183	0.11648	-0.0012401	0.99319
0.71859	0.23973	0.8349	-0.0019053	0.99111	0.065935	-0.11554	-0.065323	0.99782	0.0090754	0.11588	-0.0014474	0.99326
0.72362	0.23971	0.83492	-0.0019454	0.99118	0.065855	-0.11497	-0.065231	0.99783	0.009187	0.11532	-0.0016067	0.99333
0.72864	0.2397	0.83493	-0.0019837	0.99125	0.065775	-0.11442	-0.065139	0.99783	0.0092934	0.11479	-0.0017588	0.99339
0.73367	0.23968	0.83494	-0.0020263	0.99132	0.065694	-0.11384	-0.065044	0.99784	0.0094251	0.11421	-0.0019387	0.99345
0.73869	0.23966	0.83495	-0.0020727	0.9914	0.065608	-0.11319	-0.064944	0.99784	0.0095459	0.11358	-0.0021125	0.99353
0.74372	0.23964	0.83497	-0.0021151	0.99148	0.065521	-0.11259	-0.064848	0.99785	0.0096299	0.11298	-0.0022463	0.99359
0.74874	0.23963	0.83498	-0.0021536	0.99155	0.065436	-0.11198	-0.064758	0.99785	0.0096863	0.11238	-0.0023526	0.99366
0.75377	0.23961	0.83499	-0.002194	0.99164	0.065344	-0.11125	-0.064662	0.99786	0.0097338	0.11165	-0.0024587	0.99374
0.75879	0.23959	0.835	-0.0022381	0.99173	0.06525	-0.1105	-0.064566	0.99787	0.0097626	0.1109	-0.0025474	0.99383
0.76382	0.23958	0.83502	-0.0022776	0.99182	0.065154	-0.10974	-0.064473	0.99787	0.0097456	0.11014	-0.0025908	0.99391
0.76884	0.23956	0.83503	-0.0023118	0.99191	0.065061	-0.10901	-0.064386	0.99788	0.0097006	0.10941	-0.0026034	0.99399
0.77387	0.23954	0.83504	-0.0023524	0.99201	0.064964	-0.10813	-0.064296	0.99788	0.0096515	0.10853	-0.0026218	0.99409
0.77889	0.23953	0.83505	-0.0023971	0.99212	0.064864	-0.10722	-0.064203	0.99789	0.0096129	0.10761	-0.0026535	0.99419
0.78392	0.23951	0.83507	-0.0024373	0.99222	0.064763	-0.10628	-0.06411	0.9979	0.0095528	0.10668	-0.0026648	0.99429
0.78894	0.2395	0.83508	-0.0024752	0.99233	0.064661	-0.10534	-0.064017	0.9979	0.009488	0.10573	-0.0026719	0.99439
0.79397	0.23948	0.83509	-0.0025201	0.99244	0.064559	-0.10435	-0.063921	0.99791	0.0094497	0.10474	-0.0027082	0.9945
0.79899	0.23946	0.8351	-0.0025666	0.99256	0.064452	-0.10332	-0.06382	0.99792	0.0094184	0.10371	-0.0027546	0.9946
0.80402	0.23945	0.83512	-0.0026105	0.99267	0.064347	-0.10234	-0.063721	0.99792	0.0093786	0.10273	-0.002789	0.99471
0.80905	0.23943	0.83513	-0.0026541	0.99278	0.064241	-0.10133	-0.063622	0.99793	0.0093293	0.10172	-0.002815	0.99481
0.81407	0.23941	0.83514	-0.0027016	0.99289	0.064134	-0.10028	-0.063519	0.99794	0.0093158	0.10067	-0.0028798	0.99492
0.8191	0.2394	0.83516	-0.0027536	0.99301	0.064023	-0.099135	-0.063413	0.99794	0.0092973	0.099526	-0.002946	0.99503
0.82412	0.23938	0.83517	-0.0028024	0.99313	0.063907	-0.09799	-0.063305	0.99795	0.0092452	0.09838	-0.0029785	0.99514
0.82915	0.23936	0.83518	-0.0028507	0.99325	0.063794	-0.096845	-0.063201	0.99796	0.0091828	0.097233	-0.0030001	0.99526
0.83417	0.23935	0.83519	-0.0029059	0.99338	0.063677	-0.095594	-0.06309	0.99797	0.0091547	0.095983	-0.003063	0.99538
0.8392	0.23933	0.83521	-0.0029641	0.99351	0.063556	-0.094297	-0.062974	0.99797	0.00913	0.094686	-0.0031325	0.9955
0.84422	0.23931	0.83522	-0.0030182	0.99364	0.063433	-0.093029	-0.062862	0.99798	0.0090481	0.093415	-0.0031425	0.99562
0.84925	0.2393	0.83523	-0.0030693	0.99377	0.063313	-0.091774	-0.062758	0.99799	0.0089256	0.092155	-0.0031104	0.99574
0.85427	0.23928	0.83525	-0.003125	0.99389	0.06319	-0.090461	-0.062648	0.998	0.0088212	0.090838	-0.0031	0.99586
0.8593	0.23926	0.83526	-0.0031809	0.99402	0.06307	-0.08914	-0.062542	0.998	0.0087114	0.089511	-0.0030844	0.99598
0.86432	0.23925	0.83527	-0.0032332	0.99415	0.062946	-0.087769	-0.062433	0.99801	0.0085764	0.088134	-0.0030465	0.9961
0.86935	0.23923	0.83529	-0.0032834	0.99427	0.062823	-0.086445	-0.062325	0.99802	0.0084476	0.086805	-0.0030116	0.99622
0.87437	0.23921	0.8353	-0.0033347	0.9944	0.062704	-0.085092	-0.062221	0.99803	0.0083184	0.085446	-0.0029773	0.99634
0.8794	0.2392	0.83531	-0.0033857	0.99453	0.062578	-0.083667	-0.062112	0.99804	0.0081639	0.084014	-0.0029225	0.99646
0.88442	0.23918	0.83533	-0.0034328	0.99464	0.062455	-0.082351	-0.062006	0.99804	0.0080048	0.082689	-0.0028557	0.99657
0.88945	0.23916	0.83534	-0.0034806	0.99476	0.062338	-0.081055	-0.061904	0.99805	0.007857	0.081387	-0.0027981	0.99668
0.89447	0.23915	0.83535	-0.0035303	0.99487	0.062221	-0.079707	-0.061801	0.99806	0.0077259	0.080033	-0.0027604	0.99679
0.8995	0.23913	0.83536	-0.0035788	0.99499	0.062102	-0.078377	-0.061697	0.99807	0.0075803	0.078697	-0.0027066	0.99689
0.90452	0.23911	0.83538	-0.0036231	0.99509	0.061989	-0.077103	-0.0616	0.99807	0.0074193	0.077414	-0.0026334	0.997
0.90955	0.2391	0.83539	-0.0036646	0.9952	0.061879	-0.075772	-0.061506	0.99808	0.0072445	0.076075	-0.0025492	0.9971
0.91457	0.23908	0.8354	-0.0037084	0.99532	0.061766	-0.074349	-0.061409	0.99809	0.0070782	0.074644	-0.0024794	0.99721
0.9196	0.23906	0.83542	-0.0037542	0.99543	0.061651	-0.072961	-0.061308	0.99809	0.0069257	0.073249	-0.002421	0.99731
0.92462	0.23905	0.83543	-0.0037951	0.99553	0.061544	-0.07168	-0.061218	0.9981	0.0067439	0.071959	-0.0023256	0.9974
0.92965	0.23903	0.83544	-0.003835	0.99563	0.06144	-0.070355	-0.061129	0.99811	0.006559	0.070625	-0.0022296	0.9975
0.93467	0.23902	0.83546	-0.0038776	0.99573	0.061335	-0.068978	-0.061039	0.99811	0.0063851	0.069239	-0.0021474	0.9976
0.9397	0.239	0.83547	-0.0039203	0.99583	0.061229	-0.067618	-0.060948	0.99812	0.0062082	0.067871	-0.0020611	0.99769
0.94472	0.23899	0.83548	-0.0039559	0.99592	0.061128	-0.066322	-0.060864	0.99813	0.0059959	0.066564	-0.0019349	0.99778
0.94975	0.23897	0.83549	-0.0039865	0.99601	0.061029	-0.065037	-0.060783	0.99813	0.0057541	0.065267	-0.001778	0.99787
0.95477	0.23895	0.83551	-0.0040206	0.99611	0.060932	-0.063732	-0.060701	0.99814	0.0055479	0.063951	-0.0016577	0.99795
0.9598	0.23894	0.83552	-0.0040535	0.99619	0.060832	-0.062419	-0.060617	0.99815	0.0053349	0.062628	-0.0015309	0.99804
0.96482	0.23892	0.83553	-0.0040791	0.99628	0.060737	-0.061185	-0.06054	0.99815	0.005077	0.06138	-0.001354	0.99811
0.96985	0.23891	0.83554	-0.0041049	0.99636	0.060645	-0.05999	-0.060464	0.99816	0.0048243	0.060172	-0.0011795	0.99819
0.97487	0.23889	0.83556	-0.0041333	0.99643	0.060557	-0.058814	-0.060392	0.99816	0.0045831	0.058983	-0.0010149	0.99826
0.9799	0.23888	0.83557	-0.0041582	0.9965	0.06047	-0.057678	-0.060321	0.99817	0.0043317	0.057835	-0.00083731	0.99833
0.98492	0.23886	0.83558	-0.004174	0.99657	0.06039	-0.056595	-0.060256	0.99817	0.0040668	0.056737	-0.0006427	0.99839
0.98995	0.23885	0.83559	-0.0041888	0.99664	0.060308	-0.055507	-0.060189	0.99818	0.0038058	0.055635	-0.00045212	0.99845
0.99497	0.23883	0.8356	-0.0042069	0.9967	0.060228	-0.054479	-0.060122	0.99818	0.0035937	0.054597	-0.0003065	0.99851
1	0.23882	0.83562	-0.0042224	0.99675	0.060152	-0.053522	-0.060056	0.99819	0.0033938	0.05363	-0.00016839	0.99856
