0	0.23212	0.6881	-0.0044042	0.99	0.066866	-0.1242	-0.071745	0.9968	-0.035226	0.12145	0.043784	0.99163
0.0050251	0.23211	0.68811	-0.0044303	0.98996	0.066901	-0.12452	-0.071741	0.99682	-0.03479	0.12179	0.043374	0.99161
0.01005	0.2321	0.68813	-0.004454	0.98992	0.06695	-0.12483	-0.071715	0.99684	-0.034079	0.12215	0.042688	0.99159
0.015075	0.23209	0.68814	-0.0044778	0.9899	0.066995	-0.12495	-0.071662	0.99688	-0.033236	0.12233	0.041854	0.99161
0.020101	0.23208	0.68815	-0.0044999	0.98988	0.067036	-0.12504	-0.0716	0.99691	-0.032362	0.12248	0.040988	0.99162
0.025126	0.23207	0.68816	-0.0045204	0.98987	0.067073	-0.12511	-0.071542	0.99694	-0.031567	0.12261	0.040198	0.99164
0.030151	0.23206	0.68817	-0.004538	0.98987	0.067106	-0.12514	-0.071481	0.99697	-0.0308	0.12269	0.039433	0.99166
0.035176	0.23205	0.68818	-0.0045552	0.98986	0.067136	-0.12515	-0.071417	0.99699	-0.030029	0.12276	0.038663	0.99168
0.040201	0.23203	0.68819	-0.0045707	0.98986	0.067162	-0.12515	-0.071355	0.99702	-0.029325	0.12281	0.037958	0.9917
0.045226	0.23202	0.6882	-0.004586	0.98986	0.067184	-0.12515	-0.071301	0.99704	-0.028714	0.12285	0.037346	0.99172
0.050251	0.23201	0.68821	-0.0046013	0.98986	0.067203	-0.12511	-0.071247	0.99706	-0.02813	0.12286	0.036759	0.99174
0.055276	0.232	0.68822	-0.0046172	0.98987	0.067219	-0.12505	-0.071187	0.99708	-0.02753	0.12283	0.036153	0.99177
0.060302	0.23199	0.68823	-0.0046326	0.98988	0.067233	-0.12497	-0.071131	0.9971	-0.02699	0.1228	0.035606	0.99179
0.065327	0.23198	0.68824	-0.0046485	0.98989	0.067243	-0.12488	-0.071082	0.99712	-0.026542	0.12273	0.03515	0.99182
0.070352	0.23196	0.68825	-0.0046642	0.9899	0.06725	-0.12478	-0.071037	0.99713	-0.026145	0.12267	0.034746	0.99184
0.075377	0.23195	0.68825	-0.0046775	0.98992	0.067256	-0.12465	-0.070988	0.99714	-0.025741	0.12256	0.03433	0.99187
0.080402	0.23194	0.68826	-0.0046886	0.98994	0.067259	-0.12446	-0.070933	0.99716	-0.025324	0.1224	0.033898	0.9919
0.085427	0.23193	0.68827	-0.0047004	0.98996	0.067259	-0.12431	-0.070885	0.99717	-0.024978	0.12228	0.033539	0.99193
0.090452	0.23192	0.68828	-0.0047122	0.98998	0.067258	-0.12419	-0.070842	0.99718	-0.024667	0.12218	0.033217	0.99195
0.095477	0.23191	0.68828	-0.0047252	0.99	0.067257	-0.12397	-0.070789	0.9972	-0.024307	0.12199	0.03284	0.99199
0.1005	0.2319	0.68829	-0.0047385	0.99003	0.067251	-0.12374	-0.070738	0.99721	-0.023998	0.12178	0.032512	0.99202
0.10553	0.23188	0.6883	-0.0047522	0.99005	0.067244	-0.12357	-0.070697	0.99721	-0.023771	0.12163	0.03227	0.99205
0.11055	0.23187	0.68831	-0.0047646	0.99007	0.067237	-0.12343	-0.070655	0.99722	-0.023516	0.12151	0.032004	0.99207
0.11558	0.23186	0.68831	-0.0047779	0.9901	0.067231	-0.12324	-0.070611	0.99723	-0.023261	0.12134	0.031733	0.9921
0.1206	0.23185	0.68832	-0.0047908	0.99012	0.06722	-0.12306	-0.070568	0.99724	-0.023047	0.12117	0.031503	0.99213
0.12563	0.23184	0.68833	-0.004805	0.99013	0.067211	-0.12295	-0.070532	0.99725	-0.022862	0.12108	0.031309	0.99215
0.13065	0.23182	0.68834	-0.0048159	0.99015	0.067201	-0.12282	-0.070495	0.99725	-0.02267	0.12096	0.031104	0.99217
0.13568	0.23181	0.68834	-0.0048272	0.99017	0.06719	-0.1227	-0.070451	0.99726	-0.022427	0.12086	0.030851	0.99219
0.1407	0.2318	0.68835	-0.004835	0.99018	0.06718	-0.12263	-0.070412	0.99727	-0.022216	0.1208	0.030633	0.9922
0.14573	0.23179	0.68836	-0.0048412	0.99018	0.067168	-0.1226	-0.07038	0.99728	-0.022058	0.12078	0.03047	0.99221
0.15075	0.23178	0.68836	-0.0048478	0.99019	0.067156	-0.12251	-0.070345	0.99728	-0.02189	0.1207	0.030293	0.99223
0.15578	0.23176	0.68837	-0.0048571	0.99022	0.067142	-0.12232	-0.070303	0.99729	-0.021704	0.12054	0.030092	0.99225
0.1608	0.23175	0.68838	-0.0048674	0.99024	0.067127	-0.12217	-0.070264	0.9973	-0.021551	0.12039	0.029925	0.99228
0.16583	0.23174	0.68838	-0.0048759	0.99025	0.06711	-0.12208	-0.070235	0.9973	-0.021465	0.12031	0.02983	0.99229
0.17085	0.23173	0.68839	-0.0048813	0.99026	0.067095	-0.12201	-0.070203	0.9973	-0.021347	0.12025	0.029704	0.9923
0.17588	0.23171	0.6884	-0.0048877	0.99028	0.06708	-0.12186	-0.070164	0.99731	-0.021185	0.12012	0.02953	0.99232
0.1809	0.2317	0.68841	-0.0048913	0.99029	0.067062	-0.12175	-0.070131	0.99731	-0.021093	0.12001	0.029427	0.99234
0.18593	0.23169	0.68841	-0.0048952	0.9903	0.067045	-0.12169	-0.070103	0.99732	-0.021021	0.11996	0.029349	0.99235
0.19095	0.23168	0.68842	-0.0048999	0.99032	0.067028	-0.12157	-0.070069	0.99732	-0.020905	0.11984	0.029221	0.99236
0.19598	0.23166	0.68843	-0.0049057	0.99034	0.06701	-0.1214	-0.070031	0.99733	-0.02078	0.11968	0.029081	0.99239
0.20101	0.23165	0.68843	-0.0049103	0.99035	0.066991	-0.1213	-0.069999	0.99733	-0.020706	0.11958	0.028997	0.9924
0.20603	0.23164	0.68844	-0.0049142	0.99035	0.066972	-0.12132	-0.069973	0.99734	-0.020643	0.11961	0.028932	0.9924
0.21106	0.23163	0.68845	-0.0049161	0.99036	0.066956	-0.12125	-0.069946	0.99734	-0.020572	0.11955	0.028855	0.99241
0.21608	0.23161	0.68845	-0.0049228	0.99038	0.066936	-0.12109	-0.069911	0.99734	-0.020482	0.1194	0.028751	0.99243
0.22111	0.2316	0.68846	-0.0049295	0.9904	0.066917	-0.12093	-0.069874	0.99735	-0.020381	0.11924	0.028635	0.99245
0.22613	0.23159	0.68847	-0.0049357	0.99042	0.066896	-0.1208	-0.069843	0.99735	-0.020325	0.11912	0.028567	0.99247
0.23116	0.23158	0.68847	-0.0049392	0.99044	0.066876	-0.12065	-0.06981	0.99735	-0.020256	0.11898	0.028485	0.99249
0.23618	0.23157	0.68848	-0.0049453	0.99047	0.066856	-0.12039	-0.069767	0.99736	-0.020131	0.11873	0.028339	0.99252
0.24121	0.23155	0.68849	-0.0049519	0.9905	0.066832	-0.12016	-0.069729	0.99736	-0.020062	0.11851	0.02825	0.99255
0.24623	0.23154	0.68849	-0.0049588	0.99052	0.06681	-0.11999	-0.069697	0.99737	-0.020027	0.11833	0.0282	0.99257
0.25126	0.23153	0.6885	-0.0049617	0.99054	0.066788	-0.11985	-0.069661	0.99737	-0.01994	0.1182	0.028101	0.99259
0.25628	0.23152	0.68851	-0.0049661	0.99057	0.066768	-0.11961	-0.06962	0.99738	-0.019822	0.11797	0.027963	0.99262
0.26131	0.23151	0.68851	-0.0049705	0.99061	0.066743	-0.11935	-0.069578	0.99738	-0.019738	0.11772	0.027857	0.99266
0.26633	0.23149	0.68852	-0.0049735	0.99062	0.06672	-0.11921	-0.069541	0.99739	-0.019656	0.11759	0.027762	0.99267
0.27136	0.23148	0.68853	-0.004975	0.99064	0.066699	-0.11909	-0.069506	0.99739	-0.019574	0.11748	0.027669	0.99269
0.27638	0.23147	0.68853	-0.0049784	0.99066	0.066677	-0.11891	-0.069465	0.99739	-0.019449	0.1173	0.027528	0.99271
0.28141	0.23146	0.68854	-0.004978	0.99069	0.066654	-0.11874	-0.069422	0.9974	-0.019324	0.11714	0.027387	0.99274
0.28643	0.23145	0.68855	-0.0049752	0.9907	0.066631	-0.11865	-0.069384	0.9974	-0.019218	0.11706	0.027271	0.99275
0.29146	0.23143	0.68855	-0.0049733	0.99072	0.06661	-0.11852	-0.069343	0.99741	-0.019089	0.11694	0.02713	0.99277
0.29648	0.23142	0.68856	-0.004972	0.99074	0.066588	-0.11836	-0.069297	0.99742	-0.018925	0.11679	0.026952	0.99279
0.30151	0.23141	0.68857	-0.0049696	0.99076	0.066565	-0.11818	-0.069253	0.99742	-0.018785	0.11662	0.026796	0.99281
0.30653	0.2314	0.68858	-0.0049675	0.99078	0.066541	-0.11801	-0.069211	0.99743	-0.01867	0.11646	0.026665	0.99284
0.31156	0.23139	0.68858	-0.0049645	0.9908	0.066517	-0.11789	-0.069169	0.99743	-0.018545	0.11636	0.026529	0.99285
0.31658	0.23137	0.68859	-0.0049635	0.99083	0.066495	-0.11766	-0.069123	0.99744	-0.018394	0.11613	0.026358	0.99288
0.32161	0.23136	0.6886	-0.00496	0.99084	0.066469	-0.11753	-0.069081	0.99744	-0.01829	0.11601	0.026242	0.9929
0.32663	0.23135	0.68861	-0.0049551	0.99085	0.066446	-0.11746	-0.069043	0.99745	-0.018178	0.11596	0.026122	0.99291
0.33166	0.23134	0.68861	-0.0049497	0.99086	0.066423	-0.11738	-0.069002	0.99745	-0.018038	0.11589	0.025973	0.99292
0.33668	0.23133	0.68862	-0.0049469	0.99089	0.0664	-0.1172	-0.068958	0.99746	-0.017906	0.11571	0.025824	0.99295
0.34171	0.23131	0.68863	-0.0049422	0.99091	0.066375	-0.11705	-0.068911	0.99746	-0.017753	0.11557	0.025657	0.99297
0.34673	0.2313	0.68864	-0.0049377	0.99092	0.066351	-0.11697	-0.068869	0.99747	-0.017616	0.11551	0.025512	0.99298
0.35176	0.23129	0.68864	-0.0049302	0.99093	0.066327	-0.11683	-0.068824	0.99748	-0.017473	0.11537	0.025355	0.993
0.35678	0.23128	0.68865	-0.0049223	0.99095	0.066301	-0.11672	-0.068775	0.99748	-0.017299	0.11528	0.02517	0.99301
0.36181	0.23127	0.68866	-0.0049114	0.99095	0.066275	-0.11677	-0.068734	0.99749	-0.017155	0.11534	0.025026	0.99301
0.36683	0.23125	0.68867	-0.004901	0.99094	0.066252	-0.11681	-0.068697	0.99749	-0.017018	0.11539	0.024888	0.99301
0.37186	0.23124	0.68868	-0.0048907	0.99095	0.066228	-0.11676	-0.068652	0.9975	-0.01686	0.11535	0.024723	0.99302
0.37688	0.23123	0.68868	-0.0048816	0.99096	0.066201	-0.11667	-0.068604	0.9975	-0.016699	0.11528	0.024552	0.99303
0.38191	0.23122	0.68869	-0.0048723	0.99097	0.066174	-0.11666	-0.068563	0.99751	-0.016585	0.11527	0.024434	0.99303
0.38693	0.23121	0.6887	-0.0048619	0.99097	0.066146	-0.11663	-0.068525	0.99751	-0.016497	0.11525	0.02434	0.99304
0.39196	0.23119	0.68871	-0.0048506	0.99098	0.066118	-0.11658	-0.068481	0.99752	-0.016375	0.11521	0.024211	0.99305
0.39698	0.23118	0.68872	-0.0048419	0.99099	0.06609	-0.1165	-0.068435	0.99752	-0.016236	0.11514	0.024063	0.99306
0.40201	0.23117	0.68873	-0.0048352	0.991	0.06606	-0.11642	-0.068393	0.99753	-0.016156	0.11507	0.023973	0.99307
0.40704	0.23116	0.68873	-0.0048277	0.991	0.06603	-0.11641	-0.068355	0.99753	-0.016087	0.11506	0.023899	0.99307
0.41206	0.23115	0.68874	-0.0048191	0.99101	0.066002	-0.11637	-0.068314	0.99754	-0.015992	0.11503	0.023798	0.99308
0.41709	0.23114	0.68875	-0.0048151	0.99102	0.065972	-0.11628	-0.068273	0.99754	-0.015917	0.11495	0.023713	0.99309
0.42211	0.23113	0.68876	-0.0048126	0.99103	0.065941	-0.11622	-0.068236	0.99754	-0.015876	0.11489	0.023664	0.9931
0.42714	0.23111	0.68877	-0.0048097	0.99103	0.065911	-0.11621	-0.068202	0.99755	-0.01585	0.11488	0.023634	0.9931
0.43216	0.2311	0.68877	-0.0048069	0.99104	0.065881	-0.11616	-0.068167	0.99755	-0.015818	0.11483	0.023594	0.9931
0.43719	0.23109	0.68878	-0.0048058	0.99105	0.06585	-0.11608	-0.068129	0.99755	-0.015774	0.11476	0.023542	0.99311
0.44221	0.23108	0.68879	-0.0048037	0.99106	0.065818	-0.11604	-0.068094	0.99755	-0.015754	0.11472	0.023515	0.99312
0.44724	0.23107	0.6888	-0.004801	0.99106	0.065787	-0.1161	-0.068067	0.99756	-0.015779	0.11478	0.02354	0.99311
0.45226	0.23106	0.68881	-0.0047983	0.99106	0.065757	-0.11605	-0.068036	0.99756	-0.015781	0.11473	0.023536	0.99312
0.45729	0.23105	0.68881	-0.0047944	0.99106	0.065726	-0.11608	-0.068001	0.99756	-0.015745	0.11476	0.023498	0.99312
0.46231	0.23103	0.68882	-0.0047868	0.99106	0.065695	-0.11611	-0.067967	0.99756	-0.015713	0.1148	0.023464	0.99311
0.46734	0.23102	0.68883	-0.0047775	0.99105	0.065664	-0.11623	-0.067937	0.99757	-0.015702	0.11492	0.023458	0.9931
0.47236	0.23101	0.68884	-0.0047671	0.99104	0.065634	-0.11629	-0.067902	0.99757	-0.015645	0.11498	0.023402	0.99309
0.47739	0.231	0.68884	-0.0047575	0.99104	0.065602	-0.11631	-0.067862	0.99757	-0.015569	0.11501	0.023323	0.99309
0.48241	0.23099	0.68885	-0.0047493	0.99103	0.06557	-0.11642	-0.067827	0.99758	-0.015527	0.11512	0.023284	0.99308
0.48744	0.23097	0.68886	-0.0047426	0.99102	0.065539	-0.11657	-0.067798	0.99758	-0.015515	0.11527	0.023279	0.99306
0.49246	0.23096	0.68887	-0.0047353	0.991	0.065508	-0.1167	-0.067766	0.99758	-0.015485	0.1154	0.023253	0.99305
0.49749	0.23095	0.68887	-0.0047307	0.991	0.065476	-0.11676	-0.06773	0.99758	-0.015442	0.11547	0.023211	0.99304
0.50251	0.23094	0.68888	-0.0047241	0.99098	0.065442	-0.11694	-0.067701	0.99759	-0.015446	0.11565	0.023224	0.99302
0.50754	0.23093	0.68889	-0.0047211	0.99096	0.065411	-0.11714	-0.067677	0.99759	-0.015469	0.11585	0.023257	0.99299
0.51256	0.23091	0.68889	-0.0047185	0.99094	0.065379	-0.11733	-0.067649	0.99759	-0.015469	0.11603	0.023266	0.99297
0.51759	0.2309	0.6889	-0.0047176	0.99093	0.065347	-0.11744	-0.067619	0.99759	-0.015463	0.11615	0.023264	0.99296
0.52261	0.23089	0.68891	-0.0047167	0.99091	0.065313	-0.11761	-0.067594	0.99759	-0.015504	0.11631	0.023312	0.99294
0.52764	0.23088	0.68891	-0.0047157	0.99089	0.06528	-0.11777	-0.067569	0.99759	-0.015549	0.11647	0.023364	0.99292
0.53266	0.23086	0.68892	-0.0047097	0.99088	0.065247	-0.11794	-0.067539	0.9976	-0.015539	0.11664	0.023363	0.9929
0.53769	0.23085	0.68893	-0.0047028	0.99086	0.065214	-0.11805	-0.067502	0.9976	-0.015491	0.11676	0.023319	0.99289
0.54271	0.23084	0.68893	-0.004692	0.99084	0.065179	-0.11825	-0.067468	0.9976	-0.015458	0.11696	0.023295	0.99286
0.54774	0.23082	0.68894	-0.0046818	0.99082	0.065146	-0.1185	-0.067438	0.9976	-0.015433	0.11721	0.023282	0.99283
0.55276	0.23081	0.68895	-0.004672	0.9908	0.065113	-0.11865	-0.067398	0.99761	-0.015343	0.11736	0.023198	0.99282
0.55779	0.2308	0.68895	-0.0046596	0.99078	0.065078	-0.1188	-0.067353	0.99761	-0.015235	0.11752	0.023096	0.9928
0.56281	0.23079	0.68896	-0.004649	0.99076	0.065042	-0.11901	-0.067313	0.99762	-0.015162	0.11774	0.023033	0.99278
0.56784	0.23077	0.68897	-0.0046385	0.99072	0.065008	-0.11933	-0.067279	0.99762	-0.015101	0.11807	0.022989	0.99274
0.57286	0.23076	0.68897	-0.0046312	0.9907	0.064975	-0.11951	-0.06724	0.99762	-0.015013	0.11826	0.02291	0.99272
0.57789	0.23075	0.68898	-0.0046242	0.99069	0.064939	-0.11968	-0.067196	0.99763	-0.014922	0.11842	0.022825	0.9927
0.58291	0.23073	0.68899	-0.0046153	0.99067	0.064903	-0.11987	-0.067153	0.99763	-0.014828	0.11862	0.022739	0.99268
0.58794	0.23072	0.68899	-0.0046082	0.99064	0.064867	-0.12008	-0.06711	0.99764	-0.01472	0.11884	0.022641	0.99266
0.59296	0.23071	0.689	-0.0046	0.99062	0.064832	-0.12027	-0.067064	0.99764	-0.014605	0.11904	0.022534	0.99263
0.59799	0.23069	0.68901	-0.004591	0.9906	0.064798	-0.12047	-0.067016	0.99765	-0.014449	0.11925	0.022387	0.99261
0.60302	0.23068	0.68902	-0.0045798	0.99059	0.064763	-0.12058	-0.066964	0.99765	-0.014288	0.11937	0.022228	0.9926
0.60804	0.23067	0.68902	-0.004567	0.99057	0.064728	-0.12073	-0.066914	0.99766	-0.01414	0.11954	0.022086	0.99258
0.61307	0.23065	0.68903	-0.0045525	0.99056	0.064694	-0.12084	-0.066857	0.99767	-0.013928	0.11965	0.021875	0.99257
0.61809	0.23064	0.68904	-0.0045385	0.99055	0.06466	-0.12091	-0.066796	0.99767	-0.013693	0.11975	0.02164	0.99257
0.62312	0.23063	0.68905	-0.0045223	0.99054	0.064624	-0.12102	-0.066735	0.99768	-0.013467	0.11987	0.021416	0.99256
0.62814	0.23061	0.68905	-0.0045034	0.99052	0.064591	-0.12124	-0.066682	0.99769	-0.01326	0.1201	0.021219	0.99253
0.63317	0.2306	0.68906	-0.0044839	0.99051	0.064559	-0.12133	-0.066624	0.99769	-0.013035	0.1202	0.020994	0.99253
0.63819	0.23059	0.68907	-0.0044629	0.99051	0.064523	-0.12137	-0.066557	0.9977	-0.012779	0.12027	0.020735	0.99252
0.64322	0.23057	0.68908	-0.0044423	0.9905	0.064488	-0.12147	-0.066493	0.99771	-0.012519	0.12039	0.020477	0.99252
0.64824	0.23056	0.68909	-0.0044251	0.9905	0.064454	-0.12149	-0.06643	0.99772	-0.012284	0.12042	0.020238	0.99252
0.65327	0.23055	0.6891	-0.0044071	0.99051	0.064417	-0.1214	-0.06636	0.99772	-0.012021	0.12035	0.019963	0.99253
0.65829	0.23054	0.6891	-0.0043916	0.99053	0.064379	-0.12124	-0.066286	0.99773	-0.01176	0.12021	0.019685	0.99255
0.66332	0.23052	0.68911	-0.0043745	0.99055	0.064338	-0.12111	-0.066213	0.99774	-0.011517	0.12009	0.019426	0.99257
0.66834	0.23051	0.68912	-0.0043556	0.99056	0.064299	-0.12104	-0.066143	0.99775	-0.011275	0.12004	0.019175	0.99258
0.67337	0.2305	0.68913	-0.00434	0.99059	0.064261	-0.12085	-0.06607	0.99775	-0.011014	0.11987	0.018895	0.99261
0.67839	0.23049	0.68914	-0.0043285	0.99063	0.064222	-0.12056	-0.065993	0.99776	-0.01075	0.1196	0.018605	0.99265
0.68342	0.23048	0.68915	-0.0043206	0.99068	0.064179	-0.12016	-0.065916	0.99777	-0.010533	0.11921	0.018355	0.9927
0.68844	0.23047	0.68916	-0.0043159	0.99073	0.064135	-0.11976	-0.065839	0.99778	-0.010322	0.11883	0.018111	0.99275
0.69347	0.23046	0.68917	-0.0043098	0.99078	0.064094	-0.11935	-0.065759	0.99778	-0.010064	0.11844	0.01782	0.9928
0.69849	0.23045	0.68918	-0.0043068	0.99085	0.064049	-0.11884	-0.065676	0.99779	-0.0098232	0.11794	0.017538	0.99287
0.70352	0.23043	0.68919	-0.0043023	0.9909	0.064005	-0.11837	-0.065594	0.9978	-0.0095722	0.1175	0.017249	0.99292
0.70854	0.23042	0.6892	-0.0042949	0.99097	0.063959	-0.11785	-0.065508	0.99781	-0.009313	0.117	0.016949	0.99299
0.71357	0.23041	0.68921	-0.0042855	0.99104	0.063914	-0.11732	-0.065419	0.99782	-0.0090181	0.11648	0.016612	0.99305
0.71859	0.23041	0.68922	-0.0042785	0.99111	0.063865	-0.11669	-0.065323	0.99783	-0.0087091	0.11588	0.016255	0.99313
0.72362	0.2304	0.68923	-0.0042722	0.99118	0.063814	-0.11611	-0.065231	0.99783	-0.0084374	0.11532	0.015937	0.9932
0.72864	0.23039	0.68924	-0.0042641	0.99125	0.063763	-0.11556	-0.065139	0.99784	-0.0081634	0.11479	0.015619	0.99327
0.73367	0.23038	0.68925	-0.0042551	0.99132	0.063713	-0.11496	-0.065044	0.99785	-0.0078562	0.11421	0.015266	0.99334
0.73869	0.23037	0.68927	-0.0042495	0.9914	0.063659	-0.1143	-0.064944	0.99786	-0.0075514	0.11358	0.01491	0.99342
0.74372	0.23036	0.68928	-0.0042447	0.99148	0.063604	-0.11369	-0.064848	0.99787	-0.0072759	0.11298	0.014586	0.99349
0.74874	0.23035	0.68929	-0.0042391	0.99155	0.063552	-0.11306	-0.064758	0.99788	-0.007022	0.11238	0.014284	0.99356
0.75377	0.23034	0.6893	-0.0042348	0.99164	0.063495	-0.11232	-0.064662	0.99788	-0.0067719	0.11165	0.013978	0.99365
0.75879	0.23033	0.68931	-0.004236	0.99173	0.063437	-0.11155	-0.064566	0.99789	-0.0065357	0.1109	0.013684	0.99374
0.76382	0.23032	0.68932	-0.0042387	0.99182	0.063376	-0.11077	-0.064473	0.9979	-0.0063422	0.11014	0.013432	0.99383
0.76884	0.23032	0.68933	-0.0042405	0.99191	0.063318	-0.11003	-0.064386	0.99791	-0.0061758	0.10941	0.01321	0.99391
0.77387	0.23031	0.68935	-0.0042478	0.99201	0.063259	-0.10914	-0.064296	0.99791	-0.0060128	0.10853	0.012982	0.99401
0.77889	0.2303	0.68936	-0.004257	0.99212	0.063197	-0.10821	-0.064203	0.99792	-0.005838	0.10761	0.012739	0.99411
0.78392	0.23029	0.68937	-0.0042647	0.99222	0.063133	-0.10726	-0.06411	0.99793	-0.0056842	0.10668	0.012516	0.99421
0.78894	0.23029	0.68938	-0.0042707	0.99233	0.063068	-0.1063	-0.064017	0.99793	-0.0055353	0.10573	0.012298	0.99432
0.79397	0.23028	0.68939	-0.0042792	0.99244	0.063004	-0.1053	-0.063921	0.99794	-0.0053586	0.10474	0.012049	0.99443
0.79899	0.23027	0.6894	-0.0042876	0.99256	0.062935	-0.10425	-0.06382	0.99795	-0.005173	0.10371	0.011788	0.99454
0.80402	0.23027	0.68942	-0.0042948	0.99267	0.062866	-0.10325	-0.063721	0.99796	-0.0049939	0.10273	0.011537	0.99464
0.80905	0.23026	0.68943	-0.0043028	0.99278	0.062797	-0.10223	-0.063622	0.99796	-0.0048229	0.10172	0.011292	0.99475
0.81407	0.23025	0.68944	-0.0043086	0.99289	0.062728	-0.10117	-0.063519	0.99797	-0.0046137	0.10067	0.011007	0.99486
0.8191	0.23025	0.68945	-0.0043182	0.99301	0.062656	-0.1	-0.063413	0.99798	-0.0044058	0.099526	0.010717	0.99498
0.82412	0.23024	0.68946	-0.0043292	0.99313	0.062579	-0.098844	-0.063305	0.99799	-0.004229	0.09838	0.010457	0.99509
0.82915	0.23024	0.68947	-0.004341	0.99325	0.062504	-0.097683	-0.063201	0.99799	-0.004061	0.097233	0.010207	0.99521
0.83417	0.23023	0.68949	-0.0043533	0.99338	0.062426	-0.096416	-0.06309	0.998	-0.0038561	0.095983	0.0099135	0.99533
0.8392	0.23023	0.6895	-0.004367	0.99351	0.062343	-0.095103	-0.062974	0.99801	-0.0036435	0.094686	0.0096089	0.99546
0.84422	0.23022	0.68951	-0.004385	0.99364	0.062259	-0.093818	-0.062862	0.99802	-0.0034861	0.093415	0.0093615	0.99558
0.84925	0.23022	0.68952	-0.0044062	0.99377	0.062177	-0.092547	-0.062758	0.99802	-0.0033697	0.092155	0.0091567	0.9957
0.85427	0.23021	0.68953	-0.0044289	0.99389	0.062093	-0.091218	-0.062648	0.99803	-0.0032359	0.090838	0.0089309	0.99583
0.8593	0.23021	0.68955	-0.0044526	0.99402	0.06201	-0.08988	-0.062542	0.99804	-0.0031079	0.089511	0.0087106	0.99595
0.86432	0.2302	0.68956	-0.0044763	0.99415	0.061923	-0.088494	-0.062433	0.99804	-0.0030069	0.088134	0.0085142	0.99607
0.86935	0.2302	0.68957	-0.0044977	0.99427	0.061835	-0.087154	-0.062325	0.99805	-0.0029017	0.086805	0.0083169	0.99619
0.87437	0.2302	0.68958	-0.0045203	0.9944	0.061752	-0.085786	-0.062221	0.99806	-0.0027989	0.085446	0.0081208	0.99631
0.8794	0.23019	0.68959	-0.0045461	0.99453	0.061661	-0.084345	-0.062112	0.99807	-0.0027241	0.084014	0.007948	0.99643
0.88442	0.23019	0.68961	-0.0045703	0.99464	0.061572	-0.083013	-0.062006	0.99807	-0.0026578	0.082689	0.0077908	0.99654
0.88945	0.23018	0.68962	-0.0045943	0.99476	0.061487	-0.081703	-0.061904	0.99808	-0.0025837	0.081387	0.0076279	0.99665
0.89447	0.23018	0.68963	-0.0046177	0.99487	0.061401	-0.08034	-0.061801	0.99809	-0.0024955	0.080033	0.0074478	0.99676
0.8995	0.23018	0.68964	-0.0046426	0.99499	0.061313	-0.078996	-0.061697	0.99809	-0.0024248	0.078697	0.0072864	0.99687
0.90452	0.23017	0.68966	-0.0046668	0.99509	0.06123	-0.077707	-0.0616	0.9981	-0.0023734	0.077414	0.0071485	0.99697
0.90955	0.23017	0.68967	-0.0046904	0.9952	0.061149	-0.076363	-0.061506	0.9981	-0.002341	0.076075	0.0070266	0.99708
0.91457	0.23016	0.68968	-0.0047151	0.99532	0.061065	-0.074926	-0.061409	0.99811	-0.002305	0.074644	0.0068954	0.99719
0.9196	0.23016	0.68969	-0.0047406	0.99543	0.060977	-0.073525	-0.061308	0.99812	-0.0022593	0.073249	0.0067567	0.99729
0.92462	0.23016	0.6897	-0.0047674	0.99553	0.060896	-0.072232	-0.061218	0.99812	-0.002248	0.071959	0.0066598	0.99739
0.92965	0.23015	0.68972	-0.0047941	0.99563	0.060817	-0.070894	-0.061129	0.99813	-0.0022458	0.070625	0.0065697	0.99748
0.93467	0.23015	0.68973	-0.0048224	0.99573	0.060737	-0.069505	-0.061039	0.99813	-0.0022384	0.069239	0.0064714	0.99758
0.9397	0.23015	0.68974	-0.0048522	0.99583	0.060655	-0.068134	-0.060948	0.99814	-0.0022394	0.067871	0.0063828	0.99767
0.94472	0.23014	0.68975	-0.0048817	0.99592	0.060576	-0.066827	-0.060864	0.99814	-0.002283	0.066564	0.006341	0.99776
0.94975	0.23014	0.68976	-0.0049121	0.99601	0.060497	-0.065532	-0.060783	0.99815	-0.0023659	0.065267	0.0063396	0.99785
0.95477	0.23013	0.68978	-0.0049419	0.99611	0.060421	-0.064216	-0.060701	0.99815	-0.002422	0.063951	0.0063106	0.99793
0.9598	0.23013	0.68979	-0.0049728	0.99619	0.060341	-0.062894	-0.060617	0.99816	-0.0024935	0.062628	0.0062965	0.99802
0.96482	0.23013	0.6898	-0.0050052	0.99628	0.060263	-0.061652	-0.06054	0.99816	-0.0026202	0.06138	0.0063428	0.99809
0.96985	0.23012	0.68981	-0.005039	0.99636	0.060188	-0.060448	-0.060464	0.99817	-0.0027534	0.060172	0.0063984	0.99817
0.97487	0.23012	0.68982	-0.0050758	0.99643	0.060116	-0.059265	-0.060392	0.99817	-0.0028863	0.058983	0.0064552	0.99824
0.9799	0.23011	0.68984	-0.0051125	0.9965	0.060043	-0.058123	-0.060321	0.99817	-0.0030409	0.057835	0.0065363	0.9983
0.98492	0.23011	0.68985	-0.0051444	0.99657	0.059975	-0.057035	-0.060256	0.99818	-0.0032214	0.056737	0.006647	0.99837
0.98995	0.2301	0.68986	-0.0051767	0.99664	0.059905	-0.055941	-0.060189	0.99818	-0.0034109	0.055635	0.0067665	0.99843
0.99497	0.2301	0.68987	-0.0052073	0.9967	0.059836	-0.054909	-0.060122	0.99818	-0.0035625	0.054597	0.006852	0.99848
1	0.23009	0.68988	-0.0052356	0.99675	0.059769	-0.053949	-0.060056	0.99819	-0.0037115	0.05363	0.0069394	0.99854
