0	0.22173	0.67522	0.0083529	0.99766	0.067383	-0.011374	-0.06581	0.99221	0.10574	0.018411	-0.10475	0.99433
0.050251	0.2218	0.67452	-0.0057918	0.99659	0.063459	-0.05279	-0.064631	0.99769	-0.020793	0.051349	0.024134	0.99839
0.1005	0.2217	0.6746	-0.0060048	0.99675	0.062958	-0.050353	-0.063886	0.99781	-0.017034	0.04917	0.020196	0.99859
0.15075	0.2216	0.67467	-0.0060931	0.99675	0.062368	-0.051026	-0.063247	0.99787	-0.01579	0.049933	0.018966	0.99857
0.20101	0.2215	0.67474	-0.0061477	0.99687	0.061774	-0.049349	-0.062598	0.99792	-0.015336	0.048299	0.018377	0.99866
0.25126	0.2214	0.6748	-0.0061747	0.99697	0.061176	-0.048031	-0.061958	0.99797	-0.01497	0.047017	0.017901	0.99873
0.30151	0.2213	0.67487	-0.0061212	0.99703	0.060605	-0.047519	-0.061329	0.99802	-0.013942	0.04658	0.016815	0.99877
0.35176	0.2212	0.67494	-0.0060352	0.99709	0.059989	-0.046988	-0.060645	0.99808	-0.012671	0.046137	0.015484	0.99882
0.40201	0.22111	0.67502	-0.0059097	0.99712	0.059325	-0.047315	-0.059924	0.99814	-0.011349	0.046554	0.014151	0.99882
0.45226	0.22102	0.6751	-0.0058588	0.99714	0.058614	-0.047707	-0.059203	0.99819	-0.011007	0.046976	0.0138	0.9988
0.50251	0.22094	0.67517	-0.0057776	0.9971	0.057845	-0.049463	-0.058438	0.99823	-0.010631	0.048761	0.01349	0.99872
0.55276	0.22085	0.67524	-0.0057379	0.99704	0.057063	-0.051517	-0.057672	0.99828	-0.01042	0.050834	0.01336	0.99862
0.60302	0.22076	0.67531	-0.0056608	0.99703	0.056222	-0.052615	-0.056779	0.99834	-0.0091564	0.052013	0.012117	0.99857
0.65327	0.22067	0.67538	-0.0054874	0.99713	0.055396	-0.051616	-0.055809	0.99842	-0.0065863	0.05117	0.009448	0.99865
0.70352	0.2206	0.67547	-0.0053571	0.99749	0.054456	-0.04532	-0.05469	0.9985	-0.0039269	0.045038	0.0063956	0.99896
0.75377	0.22054	0.67557	-0.0051344	0.99777	0.053472	-0.039936	-0.053544	0.99857	-0.00074083	0.039839	0.0028775	0.9992
0.80402	0.22051	0.67568	-0.0050165	0.99816	0.052288	-0.030759	-0.052276	0.99863	0.0011886	0.030779	0.0004215	0.99953
0.85427	0.2205	0.67579	-0.0048815	0.99849	0.050941	-0.020469	-0.050886	0.9987	0.0031807	0.020604	-0.0021343	0.99979
0.90452	0.22051	0.6759	-0.0048149	0.99871	0.049481	-0.011128	-0.049436	0.99877	0.0042253	0.011324	-0.0036697	0.99993
0.95477	0.22052	0.67601	-0.0048177	0.99884	0.048176	-0.0017876	-0.048168	0.99883	0.0041529	0.0019856	-0.004062	0.99999
1.005	0.22053	0.67611	-0.0049569	0.99889	0.046956	0.0038111	-0.046966	0.99889	0.0024563	-0.0036916	-0.0026326	0.99999
1.0553	0.22052	0.67621	-0.0050799	0.99894	0.045811	0.0054294	-0.045814	0.99895	0.00045824	-0.0054027	-0.00070649	0.99999
1.1055	0.22051	0.67629	-0.0053339	0.99899	0.044602	0.0048265	-0.044589	0.999	-0.0027613	-0.0049449	0.0025433	0.99998
1.1558	0.22049	0.67638	-0.0056471	0.99905	0.043508	0.0028924	-0.043488	0.99903	-0.0064562	-0.0031705	0.0063243	0.99997
1.206	0.22043	0.67645	-0.0059891	0.99909	0.042608	0.0014214	-0.04259	0.99904	-0.010511	-0.0018678	0.01044	0.99994
1.2563	0.22036	0.67652	-0.0062482	0.99912	0.041908	-0.00013863	-0.041906	0.99902	-0.013918	-0.00044478	0.013912	0.9999
1.3065	0.22028	0.67659	-0.0064321	0.99915	0.04123	-0.0024251	-0.041265	0.99901	-0.016784	0.0017306	0.01687	0.99986
1.3568	0.2202	0.67664	-0.0065569	0.99917	0.040618	-0.0043742	-0.040693	0.99899	-0.018841	0.0036045	0.019004	0.99981
1.407	0.22011	0.67668	-0.0066749	0.99918	0.040061	-0.0056554	-0.040169	0.99898	-0.020386	0.0048329	0.020597	0.99978
1.4573	0.22001	0.67672	-0.0067575	0.99918	0.039553	-0.0082313	-0.039721	0.99898	-0.021342	0.0073788	0.021652	0.99974
1.5075	0.21992	0.67676	-0.0068681	0.9992	0.039067	-0.0088273	-0.039258	0.99897	-0.022576	0.0079362	0.022904	0.99971
1.5578	0.21982	0.67679	-0.0069279	0.99921	0.038678	-0.009518	-0.038888	0.99898	-0.022991	0.008619	0.023343	0.99969
1.608	0.21972	0.67683	-0.0069704	0.99917	0.038339	-0.013816	-0.038655	0.99898	-0.023364	0.012907	0.023878	0.99963
1.6583	0.21962	0.67687	-0.0068816	0.99907	0.037989	-0.020153	-0.038444	0.999	-0.022656	0.019272	0.02341	0.99954
1.7085	0.21952	0.67691	-0.0068144	0.99897	0.03759	-0.025238	-0.038147	0.99903	-0.021983	0.024387	0.022923	0.99944
1.7588	0.21942	0.67696	-0.0066527	0.99876	0.037196	-0.033043	-0.037879	0.99908	-0.020311	0.032257	0.021537	0.99925
1.809	0.21931	0.67702	-0.0065495	0.99869	0.036739	-0.035522	-0.037422	0.99912	-0.018756	0.034802	0.020061	0.99919
1.8593	0.21921	0.67708	-0.0063759	0.99863	0.036293	-0.037742	-0.036914	0.99919	-0.015902	0.037134	0.017273	0.99916
1.9095	0.21911	0.67716	-0.006143	0.99844	0.035794	-0.042806	-0.036399	0.99925	-0.013442	0.042293	0.014979	0.99899
1.9598	0.21901	0.67724	-0.0058083	0.9981	0.035338	-0.050561	-0.035911	0.9993	-0.010461	0.050156	0.012256	0.99867
2.0101	0.21891	0.67733	-0.0055219	0.99777	0.034772	-0.056969	-0.035305	0.99934	-0.0083824	0.05664	0.010375	0.99834
2.0603	0.21882	0.67742	-0.00525	0.9976	0.034139	-0.060294	-0.034552	0.99939	-0.0058222	0.060058	0.0078915	0.99816
2.1106	0.21874	0.67752	-0.0051282	0.99782	0.033428	-0.056909	-0.033683	0.99943	-0.0035228	0.056758	0.005432	0.99837
2.1608	0.21867	0.67762	-0.0050137	0.99808	0.0327	-0.052677	-0.03281	0.99946	-0.0012178	0.052609	0.0029438	0.99861
2.2111	0.2186	0.67772	-0.0048986	0.99833	0.031928	-0.048243	-0.031926	0.99949	0.00081598	0.048244	0.00072558	0.99884
2.2613	0.21854	0.67782	-0.0047681	0.99866	0.031072	-0.041453	-0.030964	0.99952	0.0032417	0.041533	-0.0019539	0.99914
2.3116	0.21851	0.67793	-0.0045964	0.99901	0.030089	-0.03284	-0.029912	0.99954	0.0058698	0.033002	-0.0048816	0.99944
2.3618	0.2185	0.67805	-0.0044184	0.9993	0.028967	-0.02377	-0.028778	0.99955	0.0082589	0.023999	-0.007569	0.99968
2.4121	0.21852	0.67816	-0.0043037	0.99949	0.027654	-0.016211	-0.027495	0.99957	0.0099939	0.01648	-0.009543	0.99982
2.4623	0.21853	0.67828	-0.0042737	0.99955	0.026493	-0.014072	-0.026344	0.9996	0.010668	0.014349	-0.010292	0.99984
2.5126	0.21855	0.6784	-0.0042953	0.99963	0.025228	-0.0098322	-0.025126	0.99963	0.010417	0.010091	-0.010166	0.9999
2.5628	0.21856	0.67852	-0.0045204	0.99971	0.023996	-0.0032739	-0.02397	0.99968	0.0080394	0.0034658	-0.0079586	0.99996
2.6131	0.21856	0.67862	-0.0047609	0.99974	0.022715	0.0026292	-0.022728	0.99973	0.0048287	-0.0025189	-0.0048872	0.99998
2.6633	0.21856	0.67872	-0.0050332	0.9997	0.021376	0.011714	-0.021389	0.99977	0.0010312	-0.011689	-0.0012814	0.99993
2.7136	0.21854	0.67881	-0.0052937	0.99954	0.020304	0.022476	-0.020241	0.99979	-0.0030622	-0.022534	0.0026059	0.99974
2.7638	0.2185	0.67889	-0.0054852	0.99917	0.019382	0.035941	-0.019115	0.99979	-0.0077691	-0.036084	0.0070756	0.99932
2.8141	0.21845	0.67895	-0.0056093	0.99864	0.018625	0.04872	-0.01804	0.99976	-0.012425	-0.048939	0.01153	0.99874
2.8643	0.2184	0.67901	-0.0056551	0.99824	0.018035	0.056461	-0.017198	0.99974	-0.015281	-0.056722	0.014283	0.99829
2.9146	0.21834	0.67906	-0.0057938	0.99813	0.017495	0.058564	-0.0165	0.99971	-0.017416	-0.058852	0.016417	0.99813
2.9648	0.21827	0.67912	-0.0059526	0.99828	0.016964	0.056169	-0.015917	0.99969	-0.019019	-0.056474	0.018093	0.99824
3.0151	0.2182	0.67918	-0.006217	0.99874	0.016464	0.047402	-0.015506	0.99967	-0.020507	-0.047724	0.019747	0.99867
3.0653	0.21812	0.67924	-0.0064375	0.99919	0.015914	0.037072	-0.015131	0.99966	-0.021314	-0.037399	0.020736	0.99909
3.1156	0.21803	0.67931	-0.0066306	0.99954	0.015456	0.025973	-0.014881	0.99964	-0.022212	-0.026307	0.021815	0.99942
3.1658	0.21793	0.67937	-0.0067935	0.99974	0.014961	0.017454	-0.014543	0.99961	-0.023848	-0.017804	0.023588	0.99956
3.2161	0.21783	0.67942	-0.0069698	0.99984	0.014534	0.010234	-0.014267	0.99957	-0.025683	-0.010603	0.025533	0.99962
3.2663	0.21773	0.67946	-0.007168	0.99989	0.014239	0.0045165	-0.014104	0.99949	-0.028554	-0.0049208	0.028488	0.99958
3.3166	0.21762	0.67949	-0.0072734	0.9999	0.013989	-0.000307	-0.013992	0.99946	-0.029636	-0.00010775	0.029637	0.99956
3.3668	0.2175	0.67952	-0.0073748	0.99988	0.013801	-0.0063594	-0.013987	0.99945	-0.030198	0.0059391	0.030283	0.99952
3.4171	0.21739	0.67955	-0.0073337	0.99982	0.013602	-0.012954	-0.013982	0.99946	-0.029711	0.012543	0.029887	0.99947
3.4673	0.21728	0.6796	-0.0073047	0.99979	0.013394	-0.015483	-0.013832	0.9995	-0.028549	0.015092	0.028757	0.99947
3.5176	0.21718	0.67965	-0.0071432	0.99965	0.01321	-0.022758	-0.013797	0.99957	-0.025834	0.022407	0.026139	0.99941
3.5678	0.21707	0.67972	-0.0069004	0.99947	0.012939	-0.029751	-0.013625	0.99964	-0.02299	0.029443	0.023383	0.99929
3.6181	0.21697	0.67979	-0.0066019	0.99905	0.012645	-0.041676	-0.013526	0.99969	-0.020907	0.041399	0.021451	0.99891
3.6683	0.21686	0.67986	-0.0062633	0.99848	0.012276	-0.053673	-0.013316	0.99973	-0.01906	0.053424	0.019746	0.99838
3.7186	0.21675	0.67993	-0.0059086	0.99792	0.011865	-0.063351	-0.012958	0.99977	-0.016873	0.063136	0.017659	0.99785
3.7688	0.21664	0.68	-0.0055528	0.99728	0.011388	-0.072787	-0.012462	0.99982	-0.014319	0.072611	0.015187	0.99724
3.8191	0.21653	0.68009	-0.0053143	0.99705	0.011024	-0.075894	-0.011956	0.99986	-0.011842	0.075752	0.012715	0.99705
3.8693	0.21644	0.68018	-0.0052868	0.99764	0.010555	-0.067905	-0.0112	0.9999	-0.0091243	0.067802	0.0098632	0.99765
3.9196	0.21635	0.68027	-0.0050884	0.99784	0.010067	-0.064864	-0.010463	0.99993	-0.0057705	0.064801	0.0064368	0.99788
3.9698	0.21627	0.68037	-0.0047891	0.99788	0.0095213	-0.064342	-0.009685	0.99995	-0.0022332	0.064318	0.0028516	0.99793
4.0201	0.2162	0.68047	-0.0045505	0.99809	0.0089965	-0.061076	-0.008945	0.99996	0.0011169	0.061083	-0.00056841	0.99813
4.0704	0.21613	0.68059	-0.0043921	0.9983	0.0083838	-0.057655	-0.0081846	0.99996	0.0036906	0.057683	-0.0032125	0.99833
4.1206	0.21607	0.6807	-0.0043696	0.99874	0.0078076	-0.049536	-0.0075332	0.99996	0.0057233	0.049579	-0.0053429	0.99876
4.1709	0.21602	0.68081	-0.0044052	0.99916	0.0071009	-0.04031	-0.0068233	0.99995	0.0070194	0.040358	-0.0067385	0.99916
4.2211	0.21596	0.68093	-0.0043152	0.99971	0.0065295	-0.023069	-0.0062938	0.99993	0.010276	0.023135	-0.010127	0.99968
4.2714	0.21592	0.68105	-0.0040456	0.99998	0.0057728	-0.0012649	-0.0057544	0.99988	0.014127	0.0013463	-0.014119	0.9999
4.3216	0.21593	0.68118	-0.0035941	0.99983	0.0046985	0.017572	-0.0050107	0.99983	0.017761	-0.017486	-0.017846	0.99969
4.3719	0.21597	0.68131	-0.0030859	0.99955	0.0034633	0.02968	-0.0040913	0.99977	0.021125	-0.0296	-0.021237	0.99934
4.4221	0.21605	0.68144	-0.002681	0.99925	0.0019071	0.038798	-0.0028153	0.99972	0.023366	-0.038743	-0.023458	0.99897
4.4724	0.21618	0.68155	-0.0023819	0.99885	4.4366e-005	0.048015	-0.0012194	0.9997	0.024443	-0.048	-0.024474	0.99855
4.5226	0.21636	0.68165	-0.0023228	0.9984	-0.0022934	0.056446	0.00097449	0.99973	0.023382	-0.056484	-0.02329	0.99813
4.5729	0.21649	0.68174	-0.0026558	0.99778	-0.004164	0.066518	0.0029506	0.99983	0.01833	-0.066583	-0.018093	0.99762
4.6231	0.21655	0.68182	-0.0030753	0.99686	-0.0055738	0.078943	0.0047114	0.99993	0.011106	-0.078999	-0.0107	0.99682
4.6734	0.21657	0.68189	-0.0035216	0.9959	-0.0066163	0.090233	0.0063626	0.99997	0.003099	-0.090251	-0.0025122	0.99592
4.7236	0.21654	0.68196	-0.003911	0.99512	-0.0073195	0.098439	0.0077653	0.99996	-0.0041458	-0.098405	0.0048899	0.99513
4.7739	0.2165	0.68201	-0.0043225	0.99461	-0.0078407	0.10341	0.0090056	0.9999	-0.010803	-0.10331	0.011676	0.99458
4.8241	0.21643	0.68205	-0.0047266	0.99463	-0.0082846	0.10313	0.0099939	0.99982	-0.016068	-0.10298	0.017012	0.99454
4.8744	0.21635	0.68209	-0.0052347	0.9953	-0.0086719	0.096439	0.010638	0.99975	-0.019889	-0.096242	0.020821	0.99514
4.9246	0.21626	0.68213	-0.0055248	0.99573	-0.0090007	0.091909	0.011091	0.99969	-0.022255	-0.09168	0.023179	0.99552
4.9749	0.21615	0.68218	-0.0059048	0.99653	-0.0092698	0.082659	0.01129	0.99965	-0.024001	-0.082408	0.024851	0.99629
5.0251	0.21605	0.68223	-0.006245	0.99721	-0.0095175	0.074031	0.01151	0.99958	-0.026539	-0.073748	0.027318	0.9969
5.0754	0.21594	0.68227	-0.0066142	0.99796	-0.0097969	0.063088	0.011608	0.99953	-0.02841	-0.06278	0.029084	0.9976
5.1256	0.21584	0.68232	-0.0069216	0.9986	-0.010061	0.051883	0.011677	0.99945	-0.030942	-0.051544	0.031505	0.99817
5.1759	0.21572	0.68235	-0.0071591	0.99906	-0.01016	0.042066	0.011542	0.9994	-0.032745	-0.041708	0.0332	0.99858
5.2261	0.21561	0.68238	-0.0073588	0.99938	-0.010229	0.033792	0.01139	0.99935	-0.034328	-0.033418	0.034691	0.99884
5.2764	0.21549	0.68241	-0.0075358	0.99967	-0.010239	0.023762	0.011069	0.99932	-0.035054	-0.023387	0.035305	0.9991
5.3266	0.21538	0.68244	-0.0076527	0.99983	-0.010237	0.015515	0.010789	0.9993	-0.035907	-0.015137	0.036068	0.99923
5.3769	0.21527	0.68248	-0.0077567	0.99992	-0.010272	0.0074634	0.010539	0.99927	-0.036641	-0.0070816	0.036716	0.9993
5.4271	0.21516	0.68251	-0.0077788	0.99995	-0.010248	-0.0020502	0.010164	0.99925	-0.037254	0.0024305	0.037231	0.9993
5.4774	0.21505	0.68254	-0.0077439	0.99987	-0.010313	-0.012217	0.0098552	0.99927	-0.036991	0.012589	0.036866	0.99924
5.5276	0.21494	0.68257	-0.0077044	0.99967	-0.01037	-0.023579	0.0095116	0.9993	-0.036248	0.023938	0.036012	0.99906
5.5779	0.21483	0.68261	-0.0075787	0.99927	-0.010324	-0.03665	0.0090145	0.99932	-0.035726	0.036994	0.03537	0.99869
5.6281	0.21471	0.68266	-0.0073763	0.9988	-0.010284	-0.047913	0.0086332	0.99937	-0.03453	0.048237	0.034075	0.99825
5.6784	0.21459	0.68271	-0.0071452	0.99831	-0.010285	-0.057247	0.0083595	0.99939	-0.033779	0.05756	0.033243	0.99779
5.7286	0.21448	0.68276	-0.0070211	0.99798	-0.010401	-0.062734	0.0083223	0.99941	-0.033301	0.063043	0.032711	0.99747
5.7789	0.21436	0.68279	-0.0068457	0.9976	-0.01049	-0.068436	0.0082892	0.99944	-0.032369	0.068738	0.031724	0.99713
5.8291	0.21425	0.68283	-0.0067838	0.99752	-0.010516	-0.06962	0.0083606	0.99948	-0.031173	0.069911	0.030514	0.99709
5.8794	0.21414	0.68287	-0.0068065	0.99774	-0.010505	-0.066399	0.0085456	0.99952	-0.029721	0.06668	0.029086	0.99735
5.9296	0.21403	0.6829	-0.0067271	0.9977	-0.010532	-0.067006	0.0086701	0.99957	-0.028012	0.067273	0.027366	0.99736
5.9799	0.21392	0.68294	-0.006437	0.99732	-0.010563	-0.072377	0.0087385	0.99964	-0.025474	0.07262	0.024773	0.99705
6.0302	0.2138	0.68298	-0.0060886	0.99696	-0.010589	-0.077157	0.008911	0.99972	-0.022056	0.077369	0.021301	0.99677
6.0804	0.21368	0.68302	-0.0056381	0.99662	-0.010631	-0.081429	0.0092268	0.9998	-0.017607	0.0816	0.016796	0.99652
6.1307	0.21357	0.68308	-0.0050913	0.99602	-0.010739	-0.088429	0.0096079	0.99987	-0.01321	0.088559	0.012308	0.99599
6.1809	0.21345	0.68315	-0.0043429	0.99521	-0.010887	-0.097119	0.01019	0.99992	-0.0076667	0.097194	0.0066404	0.99524
6.2312	0.21332	0.68323	-0.0035384	0.99431	-0.011074	-0.10594	0.010927	0.99994	-0.0019751	0.10595	0.00080629	0.99437
6.2814	0.21321	0.68333	-0.0030596	0.99469	-0.011187	-0.10228	0.011673	0.99992	0.0041513	0.10222	-0.0053232	0.99475
6.3317	0.21314	0.68344	-0.0027355	0.9956	-0.011437	-0.093015	0.012478	0.99987	0.010622	0.092881	-0.011736	0.99561
6.3819	0.21307	0.68356	-0.002158	0.99609	-0.011851	-0.087518	0.013449	0.99975	0.017686	0.087286	-0.018794	0.99601
6.4322	0.21302	0.6837	-0.0013704	0.99589	-0.012416	-0.089685	0.014657	0.9996	0.024374	0.089346	-0.025589	0.99567
6.4824	0.2129	0.68383	-0.00050962	0.99562	-0.012623	-0.09267	0.015551	0.9994	0.030935	0.092224	-0.032241	0.99522
6.5327	0.21285	0.68398	0.00056617	0.99556	-0.013268	-0.093231	0.016958	0.9991	0.038894	0.092631	-0.040302	0.99488
6.5829	0.21295	0.68426	0.0029595	0.99659	-0.014964	-0.081166	0.01975	0.99809	0.058488	0.080136	-0.059891	0.99498
6.6332	0.21395	0.68513	0.0098393	0.99765	-0.022645	-0.064699	0.029605	0.99363	0.10873	0.061825	-0.11039	0.99196
6.6834	0.21545	0.68668	0.018523	0.99867	-0.033587	-0.039108	0.039861	0.98418	0.17264	0.032691	-0.17396	0.98421
6.7337	0.21735	0.68854	0.02619	0.99876	-0.047172	-0.01564	0.049503	0.97206	0.22944	0.0043797	-0.22993	0.9732
6.7839	0.2193	0.69069	0.033589	0.99811	-0.061235	0.0047982	0.057384	0.95749	0.28269	-0.021904	-0.28188	0.9592
6.8342	0.22097	0.69238	0.038499	0.99705	-0.073575	0.021887	0.062827	0.946	0.31802	-0.044103	-0.3157	0.94783
6.8844	0.22257	0.69367	0.042025	0.99561	-0.085491	0.038187	0.067349	0.9372	0.34223	-0.065046	-0.33816	0.93884
6.9347	0.22407	0.69396	0.042806	0.99362	-0.096755	0.057974	0.070879	0.93542	0.34636	-0.087742	-0.34004	0.93631
6.9849	0.2252	0.69306	0.040402	0.99136	-0.10537	0.07814	0.074341	0.94204	0.32715	-0.10808	-0.31852	0.94174
7.0352	0.22608	0.69163	0.036317	0.98898	-0.11224	0.096536	0.079219	0.95209	0.29538	-0.12506	-0.28448	0.95049
7.0854	0.22649	0.6894	0.028661	0.98678	-0.11591	0.1133	0.086278	0.96738	0.2382	-0.13722	-0.22528	0.96458
7.1357	0.22625	0.68709	0.017997	0.98374	-0.11484	0.13809	0.092699	0.98319	0.15727	-0.15383	-0.14192	0.97785
7.1859	0.2253	0.68544	0.0038327	0.97968	-0.10852	0.1687	0.10169	0.99363	0.048643	-0.17291	-0.0305	0.98447
7.2362	0.22586	0.68534	0.0012501	0.97764	-0.11499	0.17605	0.11093	0.99329	0.032754	-0.17864	-0.012491	0.98384
7.2864	0.22602	0.68534	0.00020689	0.97745	-0.11784	0.17522	0.11517	0.99302	0.025326	-0.17698	-0.0045746	0.9842
7.3367	0.22604	0.68535	-0.00080705	0.97832	-0.11959	0.1691	0.11831	0.99282	0.017685	-0.17	0.0027042	0.98544
7.3869	0.22596	0.68536	-0.001914	0.98046	-0.1209	0.1552	0.12071	0.99263	0.010696	-0.15535	0.0082478	0.98782
7.4372	0.22587	0.68537	-0.002968	0.98276	-0.1221	0.13882	0.12271	0.99243	0.0042401	-0.13829	0.012867	0.99031
7.4874	0.22574	0.68539	-0.0039161	0.98486	-0.12304	0.1221	0.12416	0.99226	-0.0015576	-0.12096	0.016694	0.99252
7.5377	0.22561	0.68542	-0.0047652	0.98666	-0.12376	0.10576	0.12525	0.9921	-0.0076068	-0.10398	0.020752	0.99436
7.5879	0.22547	0.68546	-0.0055871	0.9884	-0.12426	0.087339	0.126	0.99192	-0.014686	-0.084809	0.02552	0.99607
7.6382	0.22532	0.6855	-0.0064206	0.98998	-0.12448	0.066634	0.12622	0.99174	-0.0226	-0.063271	0.030785	0.99752
7.6884	0.22518	0.68553	-0.0069283	0.99079	-0.12444	0.053466	0.12609	0.9916	-0.028687	-0.049447	0.035164	0.99816
7.7387	0.22505	0.68557	-0.0071954	0.99126	-0.12413	0.044587	0.12564	0.99153	-0.03282	-0.040135	0.038135	0.99847
7.7889	0.22491	0.68561	-0.0075267	0.99181	-0.12318	0.033614	0.12446	0.99145	-0.039142	-0.028505	0.043005	0.99867
7.8392	0.22478	0.68564	-0.0075983	0.99211	-0.12197	0.02898	0.1231	0.99155	-0.040993	-0.023736	0.044237	0.99874
7.8894	0.22466	0.68567	-0.0076721	0.99245	-0.12035	0.023428	0.12128	0.99168	-0.043216	-0.018032	0.045732	0.99879
7.9397	0.22454	0.68571	-0.0077364	0.99275	-0.11856	0.019867	0.11934	0.99186	-0.044373	-0.014444	0.046423	0.99882
7.9899	0.22443	0.68575	-0.0077915	0.99312	-0.1162	0.014319	0.11675	0.99203	-0.047384	-0.0086991	0.04873	0.99877
8.0402	0.22433	0.68578	-0.007752	0.99359	-0.11262	0.0093275	0.11294	0.9924	-0.048946	-0.0037444	0.049686	0.99876
8.0905	0.22424	0.68582	-0.007763	0.99412	-0.10824	0.0039902	0.1083	0.99281	-0.050931	0.0015511	0.051063	0.99869
8.1407	0.22415	0.68584	-0.0078298	0.99459	-0.10392	-0.00019422	0.10377	0.99324	-0.051933	0.0055899	0.051632	0.99865
8.191	0.22407	0.68587	-0.0079084	0.99501	-0.099816	-0.0006568	0.099644	0.99363	-0.052608	0.0059038	0.05228	0.99862
8.2412	0.22399	0.68591	-0.0079836	0.99532	-0.096564	-0.0044293	0.096196	0.99395	-0.052931	0.0095137	0.052257	0.99859
8.2915	0.2239	0.68595	-0.0080068	0.99558	-0.093465	-0.009251	0.092841	0.99424	-0.053635	0.014211	0.052539	0.99852
8.3417	0.22381	0.68598	-0.0080195	0.99572	-0.091292	-0.014112	0.090405	0.99443	-0.05419	0.01898	0.052683	0.99843
8.392	0.22372	0.68601	-0.0080249	0.99583	-0.089611	-0.017098	0.088572	0.9946	-0.054089	0.021852	0.052349	0.99839
8.4422	0.22363	0.68605	-0.0080891	0.9959	-0.088063	-0.020449	0.086867	0.99479	-0.053425	0.025047	0.05143	0.99836
8.4925	0.22353	0.68611	-0.0081859	0.996	-0.087008	-0.020245	0.085832	0.99489	-0.053124	0.024764	0.051174	0.99838
8.5427	0.22345	0.68618	-0.0082451	0.99605	-0.086208	-0.02106	0.08499	0.99496	-0.053132	0.025534	0.051132	0.99837
8.593	0.22337	0.68624	-0.0081614	0.996	-0.085258	-0.026576	0.083712	0.99499	-0.054675	0.031104	0.052232	0.99815
8.6432	0.22329	0.68628	-0.008056	0.99585	-0.084154	-0.034795	0.082095	0.995	-0.056884	0.039408	0.053791	0.99777
8.6935	0.22321	0.6863	-0.0078301	0.99544	-0.082533	-0.047905	0.079637	0.99505	-0.059502	0.052579	0.055415	0.99708
8.7437	0.22313	0.6863	-0.0077787	0.99503	-0.081032	-0.057794	0.077517	0.99514	-0.060676	0.06243	0.055894	0.99648
8.794	0.22304	0.68628	-0.0073604	0.99361	-0.079588	-0.08008	0.07463	0.99521	-0.063111	0.084719	0.056731	0.99479
8.8442	0.22292	0.68627	-0.0069099	0.99207	-0.078834	-0.097886	0.072767	0.99529	-0.064079	0.10248	0.056448	0.99313
8.8945	0.2228	0.68625	-0.0063946	0.99007	-0.078384	-0.1167	0.071232	0.99539	-0.064246	0.1212	0.055295	0.99109
8.9447	0.22268	0.68625	-0.0059211	0.9885	-0.078155	-0.12949	0.070538	0.99555	-0.062412	0.13379	0.05256	0.98961
8.995	0.22257	0.68625	-0.0056761	0.98765	-0.07807	-0.13583	0.070388	0.99568	-0.060476	0.13997	0.050168	0.98888
9.0452	0.22248	0.68627	-0.0056107	0.98776	-0.077967	-0.13513	0.07067	0.99581	-0.057989	0.13908	0.047729	0.98913
9.0955	0.22239	0.68628	-0.0054247	0.98743	-0.07788	-0.13757	0.070775	0.99593	-0.05581	0.14136	0.045372	0.98892
9.1457	0.22231	0.68628	-0.0053269	0.98748	-0.0778	-0.13725	0.070992	0.99602	-0.053824	0.14089	0.043406	0.98907
9.196	0.2222	0.68626	-0.0049754	0.98652	-0.0778	-0.14396	0.070898	0.9961	-0.052475	0.14748	0.041561	0.98819
9.2462	0.22209	0.68624	-0.004606	0.98541	-0.077831	-0.15134	0.070762	0.99616	-0.051557	0.15478	0.040096	0.98714
9.2965	0.22201	0.68623	-0.0045349	0.98585	-0.077774	-0.14846	0.071545	0.99634	-0.046856	0.15156	0.035572	0.98781
9.3467	0.2219	0.68622	-0.0039246	0.98471	-0.077788	-0.15589	0.072122	0.99652	-0.041689	0.15859	0.029809	0.98689
9.397	0.22176	0.68624	-0.0029082	0.98252	-0.077795	-0.16911	0.072695	0.9967	-0.036154	0.17136	0.023229	0.98493
9.4472	0.22163	0.68627	-0.0019922	0.98102	-0.077843	-0.17759	0.073581	0.99682	-0.030466	0.1794	0.01682	0.98363
9.4975	0.22153	0.68634	-0.0013829	0.98121	-0.077913	-0.1765	0.075123	0.99692	-0.022444	0.17771	0.0087626	0.98404
9.5477	0.22148	0.68643	-0.00081503	0.98245	-0.078025	-0.16941	0.077042	0.99695	-0.012378	0.16986	-0.00089038	0.98547
9.598	0.22141	0.68654	-0.00012809	0.98393	-0.077948	-0.16063	0.078777	0.99689	-0.0012111	0.16022	-0.011462	0.98701
9.6482	0.22147	0.68669	0.00051799	0.98628	-0.078817	-0.14507	0.081234	0.99664	0.010807	0.14373	-0.022443	0.98936
9.6985	0.22199	0.68696	0.0011456	0.98876	-0.083007	-0.12439	0.086636	0.99595	0.024046	0.12189	-0.034552	0.99194
9.7487	0.22305	0.68757	0.0045396	0.99111	-0.090814	-0.09728	0.096786	0.99358	0.05853	0.091341	-0.067424	0.99353
9.799	0.22334	0.689	0.015379	0.99334	-0.093074	-0.067941	0.10199	0.98453	0.14244	0.053633	-0.14843	0.98747
9.8492	0.2235	0.69306	0.033964	0.99407	-0.09432	-0.054075	0.10551	0.95688	0.27064	0.026217	-0.27474	0.96116
9.8995	0.22394	0.70093	0.055856	0.99442	-0.097672	-0.039943	0.10542	0.90234	0.41794	-0.0047795	-0.41982	0.90759
9.9497	0.22495	0.71437	0.080537	0.99423	-0.1058	-0.017401	0.096276	0.80945	0.57924	-0.0472	-0.57758	0.81497
10	0.22617	0.73121	0.10163	0.99306	-0.11722	0.0099645	0.074667	0.69349	0.71658	-0.090905	-0.71086	0.69743
