0	0.19968	0.68348	0.069928	0.99587	0.088806	-0.018966	-0.07806	0.94389	0.3209	0.0464	-0.3181	0.94692
0.010007	0.19627	0.68308	0.067346	0.99176	0.086966	-0.094121	-0.052097	0.94466	0.3239	0.11708	-0.31632	0.9414
0.020013	0.1948	0.68357	0.067173	0.98879	0.089056	-0.11985	-0.044876	0.9428	0.33031	0.14242	-0.32123	0.93623
0.03002	0.19479	0.68491	0.06822	0.98905	0.090875	-0.11627	-0.045264	0.93673	0.34711	0.14045	-0.33805	0.93059
0.040027	0.19436	0.68592	0.068925	0.98822	0.092249	-0.12212	-0.042598	0.93219	0.35946	0.147	-0.35002	0.92514
0.050034	0.19396	0.6867	0.069427	0.98743	0.093448	-0.12751	-0.040261	0.92864	0.36879	0.15288	-0.35902	0.92072
0.06004	0.19365	0.68733	0.069827	0.9868	0.094438	-0.13157	-0.03844	0.92575	0.37618	0.15732	-0.36616	0.91716
0.070047	0.19341	0.68783	0.070135	0.98633	0.09524	-0.13443	-0.037104	0.92343	0.38197	0.16052	-0.37176	0.91434
0.080054	0.1932	0.68817	0.07035	0.98591	0.0958	-0.13712	-0.03591	0.92185	0.38587	0.16337	-0.37551	0.91231
0.09006	0.19302	0.68836	0.070463	0.98552	0.0961	-0.13971	-0.034816	0.92102	0.38795	0.16595	-0.37747	0.91103
0.10007	0.19286	0.68844	0.070519	0.98514	0.096222	-0.14229	-0.033809	0.92079	0.38859	0.16841	-0.378	0.91036
0.11007	0.19272	0.68839	0.0705	0.98479	0.096128	-0.14472	-0.032911	0.92112	0.38789	0.17059	-0.37723	0.91027
0.12008	0.1926	0.68826	0.070422	0.98448	0.095877	-0.14697	-0.03216	0.92193	0.38601	0.1725	-0.3753	0.91071
0.13009	0.1925	0.68802	0.070272	0.98419	0.09541	-0.14921	-0.031456	0.92326	0.38288	0.17429	-0.37214	0.91167
0.14009	0.1924	0.6877	0.070076	0.9839	0.094805	-0.15151	-0.030803	0.92498	0.37875	0.17605	-0.36799	0.91301
0.1501	0.19234	0.68732	0.069843	0.98367	0.094072	-0.15343	-0.030328	0.92696	0.37392	0.1774	-0.36316	0.91468
0.16011	0.19229	0.68688	0.06957	0.98349	0.093217	-0.15512	-0.029989	0.92923	0.36827	0.17847	-0.35754	0.91669
0.17011	0.19225	0.6864	0.069258	0.98332	0.09225	-0.15675	-0.029691	0.93168	0.36206	0.17944	-0.35137	0.91888
0.18012	0.19223	0.68588	0.068924	0.98318	0.091208	-0.15826	-0.029476	0.93428	0.35533	0.18027	-0.34469	0.92125
0.19013	0.19224	0.68536	0.068577	0.98314	0.090143	-0.15908	-0.02951	0.93684	0.3485	0.18044	-0.33793	0.92371
0.20013	0.19224	0.6848	0.06821	0.9831	0.088987	-0.16001	-0.029514	0.93953	0.34118	0.18069	-0.33069	0.92628
0.21014	0.19226	0.68425	0.067849	0.98308	0.087821	-0.16077	-0.029578	0.94218	0.33381	0.18079	-0.32341	0.92883
0.22015	0.19228	0.68365	0.067472	0.98305	0.086559	-0.16165	-0.02964	0.94498	0.32577	0.18095	-0.31546	0.93153
0.23015	0.19232	0.68304	0.067072	0.98307	0.085267	-0.16218	-0.029804	0.94775	0.31763	0.18079	-0.30742	0.93424
0.24016	0.19237	0.68243	0.066654	0.98314	0.083961	-0.16243	-0.030072	0.95049	0.3093	0.18036	-0.2992	0.93699
0.25017	0.19242	0.68182	0.066228	0.9832	0.082626	-0.16273	-0.030307	0.95319	0.30086	0.17997	-0.29088	0.93968
0.26017	0.19248	0.68122	0.065797	0.98332	0.081328	-0.16267	-0.03065	0.95576	0.29256	0.17927	-0.28269	0.94231
0.27018	0.19256	0.68064	0.065364	0.98349	0.080076	-0.16229	-0.031063	0.95816	0.28454	0.17828	-0.2748	0.94483
0.28019	0.19265	0.6801	0.064937	0.98372	0.078915	-0.16147	-0.031585	0.96037	0.27693	0.17692	-0.26733	0.94723
0.29019	0.19275	0.67958	0.064511	0.98399	0.077784	-0.16036	-0.032138	0.96243	0.26963	0.17531	-0.26016	0.94952
0.3002	0.19283	0.67908	0.064109	0.98418	0.076701	-0.15971	-0.03255	0.96437	0.26256	0.17416	-0.25321	0.95161
0.31021	0.19292	0.67865	0.063735	0.98445	0.075788	-0.15848	-0.033099	0.96602	0.25636	0.17252	-0.24712	0.9535
0.32021	0.19304	0.67825	0.063373	0.98479	0.074949	-0.15677	-0.033725	0.96748	0.25068	0.17046	-0.24158	0.95529
0.33022	0.19316	0.67791	0.063034	0.98515	0.074225	-0.15481	-0.034362	0.96872	0.24578	0.16821	-0.23681	0.95688
0.34023	0.19324	0.67762	0.062755	0.98542	0.073616	-0.15337	-0.034835	0.96974	0.24164	0.16652	-0.23277	0.95817
0.35023	0.19334	0.67741	0.062514	0.98576	0.073198	-0.15137	-0.035425	0.97047	0.23859	0.16437	-0.22983	0.95925
0.36024	0.19342	0.67727	0.062342	0.98604	0.07289	-0.14968	-0.035873	0.97096	0.23652	0.16257	-0.22785	0.96003
0.37025	0.19345	0.6772	0.062246	0.98623	0.072731	-0.14853	-0.036156	0.9712	0.2355	0.16138	-0.22688	0.96046
0.38026	0.19346	0.67722	0.062236	0.98636	0.072758	-0.14766	-0.036335	0.97112	0.2358	0.16055	-0.22722	0.96052
0.39026	0.19345	0.67734	0.062294	0.98645	0.072967	-0.14692	-0.036449	0.97073	0.23738	0.15994	-0.22881	0.96024
0.40027	0.1934	0.67752	0.062428	0.98648	0.073319	-0.14654	-0.03645	0.97009	0.23999	0.15975	-0.23141	0.95965
0.41028	0.19335	0.67778	0.062606	0.98651	0.073829	-0.14609	-0.036435	0.96916	0.24373	0.15958	-0.23512	0.95878
0.42028	0.19326	0.67814	0.062873	0.98646	0.074487	-0.1461	-0.036257	0.96791	0.24867	0.15993	-0.24001	0.95751
0.43029	0.19311	0.67853	0.063192	0.98625	0.075213	-0.14717	-0.035781	0.9665	0.25416	0.16136	-0.2454	0.9559
0.4403	0.19296	0.679	0.063565	0.98604	0.076118	-0.14806	-0.03535	0.9648	0.26058	0.16268	-0.25171	0.95403
0.4503	0.19279	0.67953	0.063987	0.98578	0.077127	-0.14927	-0.034759	0.96281	0.26793	0.16438	-0.25893	0.9518
0.46031	0.19258	0.68011	0.064455	0.98544	0.078251	-0.15093	-0.034033	0.9606	0.27583	0.16656	-0.26668	0.94928
0.47032	0.19237	0.68075	0.064968	0.98511	0.079507	-0.15242	-0.033305	0.95809	0.28452	0.16865	-0.2752	0.94648
0.48032	0.19212	0.6814	0.065501	0.98468	0.08073	-0.15458	-0.032324	0.95553	0.29311	0.17137	-0.28363	0.9435
0.49033	0.19184	0.6821	0.066072	0.98414	0.082107	-0.15723	-0.031186	0.9527	0.3023	0.17462	-0.29261	0.94015
0.50034	0.19158	0.68286	0.066664	0.98368	0.083606	-0.15934	-0.030148	0.94956	0.31213	0.1774	-0.30223	0.93658
0.51034	0.19131	0.68362	0.067242	0.98318	0.08514	-0.16158	-0.029028	0.94629	0.322	0.18032	-0.31189	0.93285
0.52035	0.19102	0.68439	0.067812	0.98265	0.08667	-0.16397	-0.027805	0.94295	0.33178	0.18337	-0.32147	0.929
0.53036	0.19074	0.68516	0.068365	0.98209	0.088233	-0.16646	-0.026539	0.93953	0.34142	0.18652	-0.33089	0.92505
0.54036	0.19045	0.68592	0.068897	0.98153	0.089778	-0.16892	-0.025252	0.93611	0.35079	0.18962	-0.34005	0.92109
0.55037	0.1902	0.68668	0.069407	0.9811	0.091364	-0.17057	-0.024216	0.93255	0.36022	0.19198	-0.34928	0.91714
0.56038	0.18994	0.68746	0.069914	0.98063	0.092963	-0.17239	-0.023075	0.92888	0.36965	0.19449	-0.35852	0.91304
0.57038	0.18968	0.68828	0.070435	0.98015	0.094657	-0.1742	-0.021874	0.92493	0.37951	0.19705	-0.36816	0.90864
0.58039	0.18942	0.68909	0.07094	0.97971	0.096357	-0.17573	-0.020777	0.92095	0.38913	0.19934	-0.37759	0.90426
0.5904	0.18917	0.68991	0.071441	0.97924	0.098065	-0.17739	-0.019564	0.91682	0.39883	0.20175	-0.38708	0.8997
0.6004	0.18888	0.69077	0.07195	0.9787	0.09986	-0.17937	-0.018184	0.91246	0.40877	0.20449	-0.3968	0.89484
0.61041	0.1886	0.69164	0.072461	0.97817	0.1017	-0.18122	-0.01681	0.90794	0.41877	0.20712	-0.40658	0.88983
0.62042	0.18832	0.69254	0.072972	0.97765	0.10358	-0.18295	-0.015435	0.90322	0.4289	0.20967	-0.41649	0.88463
0.63042	0.18805	0.69344	0.073465	0.97716	0.1055	-0.18446	-0.01413	0.89838	0.43899	0.21203	-0.42635	0.87935
0.64043	0.18778	0.69435	0.073961	0.97667	0.10743	-0.18596	-0.012772	0.89342	0.44905	0.21438	-0.4362	0.87394
0.65044	0.18751	0.69528	0.074453	0.97618	0.1094	-0.18734	-0.011432	0.88828	0.45916	0.21664	-0.44608	0.86837
0.66044	0.18725	0.69622	0.074944	0.97575	0.1114	-0.18844	-0.010181	0.88299	0.46928	0.21867	-0.45598	0.86271
0.67045	0.18698	0.69716	0.075426	0.97526	0.1134	-0.18977	-0.0087934	0.87764	0.47924	0.22089	-0.46572	0.85692
0.68046	0.18671	0.69811	0.075911	0.97476	0.11542	-0.1911	-0.0073508	0.87212	0.48924	0.22313	-0.47548	0.85096
0.69046	0.18645	0.6991	0.076391	0.97434	0.11751	-0.19197	-0.0060834	0.86634	0.49942	0.225	-0.48544	0.84482
0.70047	0.18618	0.70006	0.076854	0.97388	0.11956	-0.19303	-0.0047171	0.8606	0.50926	0.22701	-0.49505	0.83868
0.71048	0.18593	0.70104	0.077292	0.97347	0.12162	-0.1938	-0.0034551	0.85474	0.51905	0.22877	-0.50461	0.83249
0.72048	0.18568	0.70198	0.077711	0.97308	0.12363	-0.19448	-0.0022551	0.84899	0.52841	0.23044	-0.51375	0.82641
0.73049	0.18547	0.70288	0.078088	0.97281	0.12553	-0.19462	-0.0013556	0.84342	0.53726	0.23159	-0.52239	0.82066
0.7405	0.18528	0.70376	0.078454	0.97262	0.12741	-0.19437	-0.00067223	0.83789	0.54584	0.23241	-0.53077	0.81503
0.7505	0.1851	0.70464	0.078812	0.97247	0.12923	-0.19392	-7.4177e-005	0.83233	0.55428	0.23304	-0.53901	0.80942
0.76051	0.18492	0.70547	0.079149	0.9723	0.13097	-0.19359	0.00051511	0.82705	0.56212	0.23373	-0.54665	0.80408
0.77052	0.18478	0.70625	0.079463	0.97227	0.13255	-0.19266	0.00073795	0.8221	0.56934	0.23385	-0.55369	0.79921
0.78052	0.18465	0.70698	0.079773	0.97225	0.13404	-0.19175	0.00091858	0.81741	0.57606	0.23396	-0.56025	0.7946
0.79053	0.18456	0.70765	0.080058	0.97234	0.13539	-0.19031	0.0007282	0.81308	0.58215	0.23356	-0.56619	0.79049
0.80054	0.18446	0.70826	0.080324	0.9724	0.1366	-0.18913	0.00061914	0.80916	0.58759	0.2333	-0.57149	0.78675
0.81054	0.18438	0.7088	0.080552	0.97248	0.13765	-0.188	0.00048524	0.80565	0.5924	0.233	-0.57618	0.7834
0.82055	0.18429	0.70929	0.080769	0.97253	0.1386	-0.18704	0.00037549	0.8025	0.59665	0.2328	-0.58033	0.7804
0.83056	0.18423	0.7097	0.080935	0.97262	0.13938	-0.18598	0.00013123	0.7999	0.60013	0.23241	-0.58373	0.77798
0.84056	0.1842	0.71004	0.081077	0.97279	0.14002	-0.18461	-0.0003904	0.79775	0.60299	0.2317	-0.58651	0.77609
0.85057	0.18418	0.71034	0.081214	0.97301	0.14056	-0.18299	-0.0010884	0.79583	0.60552	0.23074	-0.58898	0.77451
0.86058	0.18419	0.71059	0.081346	0.97335	0.14102	-0.18084	-0.0021954	0.79428	0.60755	0.22932	-0.59096	0.77342
0.87058	0.18422	0.71078	0.081455	0.97372	0.14133	-0.17858	-0.0034382	0.79318	0.60897	0.22771	-0.59236	0.77283
0.88059	0.18426	0.71093	0.081568	0.97411	0.14156	-0.17624	-0.0047637	0.79233	0.61008	0.22601	-0.59345	0.77249
0.8906	0.18432	0.71104	0.08167	0.97454	0.14172	-0.17375	-0.0062501	0.79179	0.61076	0.22413	-0.59412	0.77252
0.9006	0.18438	0.71106	0.081744	0.97494	0.14173	-0.1715	-0.0076841	0.79182	0.61071	0.22235	-0.59408	0.77306
0.91061	0.18446	0.71103	0.081801	0.97538	0.14164	-0.16901	-0.0092938	0.79217	0.61023	0.22032	-0.59364	0.77398
0.92062	0.18453	0.71096	0.081835	0.9758	0.14149	-0.16674	-0.010837	0.79282	0.60936	0.21841	-0.5928	0.77517
0.93062	0.18462	0.71084	0.081838	0.97623	0.14122	-0.16442	-0.012448	0.79387	0.60796	0.21638	-0.59146	0.77676
0.94063	0.18473	0.71065	0.081814	0.97672	0.1409	-0.16177	-0.014362	0.79533	0.60601	0.21405	-0.58958	0.77883
0.95064	0.18487	0.7104	0.08176	0.97727	0.14042	-0.15884	-0.016465	0.79721	0.60347	0.21137	-0.58714	0.7814
0.96064	0.185	0.71014	0.081716	0.9778	0.13997	-0.15592	-0.018582	0.79914	0.60086	0.2087	-0.58462	0.784
0.97065	0.18517	0.70979	0.081643	0.97844	0.13939	-0.15242	-0.021156	0.80168	0.59738	0.20546	-0.58127	0.78734
0.98066	0.18537	0.70938	0.081587	0.97917	0.13873	-0.14827	-0.024169	0.80464	0.59327	0.20161	-0.57733	0.79123
0.99066	0.1856	0.70889	0.081508	0.97994	0.13796	-0.1438	-0.027443	0.80815	0.58834	0.19738	-0.57259	0.79573
1.0007	0.18589	0.7083	0.081419	0.98086	0.13707	-0.13831	-0.031388	0.81229	0.58241	0.19218	-0.56692	0.80104
1.0107	0.1862	0.70764	0.081277	0.98179	0.1361	-0.13255	-0.035504	0.81685	0.57576	0.18664	-0.56056	0.8068
1.0207	0.18651	0.70691	0.081095	0.98268	0.13508	-0.12684	-0.039619	0.82186	0.56831	0.18101	-0.55344	0.81298
1.0307	0.18684	0.70613	0.080866	0.98357	0.13403	-0.12097	-0.04379	0.8271	0.56034	0.17516	-0.54583	0.81938
1.0407	0.18714	0.70526	0.080557	0.98435	0.13294	-0.11568	-0.047671	0.83283	0.55147	0.16966	-0.53732	0.82614
1.0507	0.18745	0.70437	0.080215	0.98509	0.13184	-0.11055	-0.051367	0.83858	0.54235	0.16421	-0.52858	0.83285
1.0607	0.18772	0.70347	0.079836	0.98573	0.1308	-0.10597	-0.054727	0.8443	0.53307	0.15919	-0.51966	0.83941
1.0707	0.18801	0.70258	0.079448	0.98637	0.1298	-0.1011	-0.058173	0.84992	0.52368	0.1539	-0.51067	0.84589
1.0807	0.18829	0.70164	0.079033	0.98698	0.12883	-0.096292	-0.061581	0.85574	0.51372	0.14858	-0.5011	0.85254
1.0907	0.18856	0.70069	0.078588	0.98753	0.12786	-0.091853	-0.064694	0.86148	0.50365	0.14353	-0.49143	0.85901
1.1007	0.18882	0.69975	0.078146	0.98805	0.12698	-0.087328	-0.067818	0.8671	0.4935	0.13839	-0.48169	0.86535
1.1107	0.18911	0.69882	0.077714	0.98861	0.12612	-0.08212	-0.071202	0.87266	0.4831	0.13259	-0.47175	0.8717
1.1208	0.18938	0.69785	0.077245	0.9891	0.12531	-0.077318	-0.074344	0.87827	0.47234	0.1271	-0.46145	0.87802
1.1308	0.18965	0.69691	0.076759	0.98955	0.12453	-0.072664	-0.077301	0.88366	0.46171	0.12171	-0.45126	0.88405
1.1408	0.18991	0.696	0.076299	0.98997	0.12384	-0.067942	-0.080201	0.88874	0.45134	0.11628	-0.44137	0.88976
1.1508	0.19013	0.6951	0.075785	0.99033	0.1232	-0.063814	-0.082771	0.89371	0.44095	0.11136	-0.4314	0.89526
1.1608	0.19037	0.69421	0.075269	0.99067	0.12263	-0.059506	-0.085376	0.89858	0.43043	0.10625	-0.42133	0.90066
1.1708	0.19059	0.6933	0.074715	0.99097	0.12208	-0.055372	-0.087838	0.90339	0.41974	0.10126	-0.41109	0.90596
1.1808	0.19081	0.69238	0.07413	0.99126	0.12158	-0.051255	-0.090255	0.90817	0.40875	0.096243	-0.40055	0.91121
1.1908	0.19101	0.69148	0.073518	0.9915	0.12111	-0.047467	-0.09245	0.91281	0.39779	0.091503	-0.39002	0.91625
1.2008	0.1912	0.69058	0.072907	0.99172	0.1207	-0.043762	-0.094568	0.91728	0.38685	0.086835	-0.37951	0.9211
1.2108	0.19138	0.68971	0.072284	0.99192	0.12031	-0.040186	-0.096538	0.92157	0.37602	0.082271	-0.36911	0.92574
1.2208	0.19156	0.68886	0.071684	0.9921	0.11999	-0.036591	-0.098481	0.92564	0.36535	0.07771	-0.35886	0.93015
1.2308	0.19173	0.68803	0.071075	0.99226	0.11969	-0.033205	-0.10025	0.92955	0.35481	0.073334	-0.34874	0.93435
1.2408	0.19189	0.68723	0.070464	0.99239	0.11947	-0.029816	-0.10201	0.93326	0.34441	0.068974	-0.33875	0.93834
1.2508	0.19203	0.68638	0.069781	0.9925	0.11926	-0.02675	-0.10361	0.93707	0.33341	0.064828	-0.32813	0.9424
1.2608	0.1922	0.68553	0.069093	0.99261	0.1191	-0.023153	-0.10537	0.94079	0.32219	0.060155	-0.31737	0.94639
1.2709	0.19237	0.6847	0.068398	0.99271	0.11895	-0.019515	-0.10704	0.94435	0.31104	0.055426	-0.30668	0.9502
1.2809	0.19253	0.68384	0.06767	0.99278	0.11887	-0.015895	-0.1087	0.94791	0.29943	0.050659	-0.29554	0.95399
1.2909	0.19268	0.68298	0.0669	0.99284	0.11879	-0.01255	-0.1102	0.95139	0.28759	0.046103	-0.28415	0.95767
1.3009	0.19283	0.68211	0.066126	0.99288	0.11879	-0.0090223	-0.11173	0.9548	0.27546	0.041338	-0.27249	0.96127
1.3109	0.19299	0.68124	0.065345	0.9929	0.1188	-0.0054303	-0.11319	0.95807	0.26322	0.036472	-0.26074	0.96472
1.3209	0.19311	0.68036	0.064506	0.99291	0.11886	-0.0023983	-0.11447	0.96128	0.25066	0.032099	-0.24861	0.96807
1.3309	0.19322	0.67949	0.063644	0.9929	0.11892	0.00033474	-0.11557	0.96431	0.23824	0.028007	-0.23659	0.97121
1.3409	0.19331	0.67864	0.062751	0.99288	0.11908	0.0029041	-0.11666	0.96719	0.22571	0.024068	-0.22444	0.97419
1.3509	0.1934	0.67777	0.061818	0.99285	0.11922	0.0053636	-0.11762	0.96997	0.21291	0.020181	-0.21202	0.97706
1.3609	0.19347	0.67694	0.060878	0.99282	0.11941	0.0076333	-0.11852	0.97254	0.2003	0.016495	-0.19976	0.97971
1.3709	0.19354	0.67613	0.059951	0.99277	0.11962	0.0099398	-0.11935	0.9749	0.18795	0.012792	-0.18777	0.98213
1.3809	0.19362	0.67535	0.059047	0.99271	0.11988	0.012443	-0.12019	0.97706	0.17579	0.0089155	-0.176	0.98435
1.3909	0.19369	0.67464	0.058209	0.99265	0.12009	0.014813	-0.12088	0.97894	0.16453	0.0052578	-0.16512	0.98626
1.4009	0.19375	0.67395	0.057371	0.99258	0.12038	0.016978	-0.12156	0.98067	0.15333	0.0018074	-0.15425	0.98803
1.4109	0.19381	0.67328	0.05655	0.99251	0.12065	0.019125	-0.12214	0.98224	0.1424	-0.0016047	-0.14367	0.98962
1.421	0.19388	0.67263	0.055758	0.99242	0.12099	0.021618	-0.12279	0.98367	0.13155	-0.0053484	-0.13321	0.99107
1.431	0.19394	0.67199	0.054941	0.99233	0.12129	0.023756	-0.12328	0.98501	0.12064	-0.0087679	-0.12265	0.99241
1.441	0.19396	0.67134	0.054083	0.99225	0.12166	0.025291	-0.12372	0.98624	0.10963	-0.011605	-0.11191	0.99365
1.451	0.19398	0.67074	0.053243	0.99217	0.12198	0.02681	-0.12406	0.9873	0.099202	-0.014369	-0.10175	0.99471
1.461	0.19396	0.67019	0.052433	0.99211	0.1223	0.027507	-0.1243	0.9882	0.089525	-0.016234	-0.092237	0.9956
1.471	0.19394	0.66972	0.051702	0.99206	0.12258	0.028177	-0.1245	0.9889	0.081045	-0.01793	-0.083909	0.99631
1.481	0.1939	0.66924	0.050935	0.99201	0.12291	0.028488	-0.12468	0.98955	0.072353	-0.019297	-0.075327	0.99697
1.491	0.19387	0.66879	0.050204	0.99196	0.12319	0.02883	-0.12482	0.99011	0.064116	-0.020647	-0.067199	0.99753
1.501	0.19383	0.66839	0.04952	0.99192	0.1235	0.029045	-0.12499	0.99055	0.056556	-0.021786	-0.059729	0.99798
1.511	0.1938	0.66801	0.04889	0.99188	0.12374	0.029441	-0.12509	0.99091	0.049403	-0.023061	-0.052685	0.99834
1.521	0.19375	0.66765	0.048282	0.99185	0.12399	0.029463	-0.12518	0.99122	0.042619	-0.023919	-0.045959	0.99866
1.531	0.1937	0.66733	0.047716	0.99181	0.12424	0.029476	-0.12528	0.99145	0.036413	-0.024701	-0.039807	0.9989
1.541	0.19369	0.66712	0.04737	0.99178	0.12437	0.030073	-0.12532	0.9916	0.032103	-0.025828	-0.035608	0.99903
1.551	0.19368	0.66708	0.047306	0.99177	0.12435	0.030467	-0.12529	0.99163	0.031116	-0.026342	-0.034677	0.99905
1.561	0.1936	0.66707	0.047244	0.99181	0.12434	0.0293	-0.12523	0.99165	0.030759	-0.025231	-0.034176	0.9991
1.5711	0.19351	0.66709	0.047221	0.99184	0.12432	0.028068	-0.12518	0.99165	0.031063	-0.023972	-0.034324	0.99912
1.5811	0.19339	0.66712	0.047185	0.9919	0.12431	0.026221	-0.12511	0.99165	0.031402	-0.022098	-0.034428	0.99916
1.5911	0.19329	0.66717	0.047192	0.99193	0.1243	0.024865	-0.12507	0.99163	0.032142	-0.020662	-0.034992	0.99917
1.6011	0.19319	0.66718	0.047149	0.99197	0.12431	0.023419	-0.12502	0.99163	0.032122	-0.01923	-0.034792	0.99921
1.6111	0.19309	0.66722	0.047156	0.99201	0.12427	0.021908	-0.12495	0.99162	0.032857	-0.017641	-0.035331	0.99922
1.6211	0.19297	0.66725	0.047125	0.99204	0.12428	0.020151	-0.1249	0.99161	0.03323	-0.015853	-0.035482	0.99924
1.6311	0.19287	0.6673	0.047129	0.99207	0.12427	0.018758	-0.12485	0.9916	0.033846	-0.014394	-0.03592	0.99925
1.6411	0.1928	0.66731	0.047114	0.99209	0.12428	0.017941	-0.12483	0.9916	0.033964	-0.01357	-0.035935	0.99926
1.6511	0.19269	0.66735	0.047097	0.99212	0.12426	0.016289	-0.12476	0.99159	0.034388	-0.011879	-0.036149	0.99928
1.6611	0.19259	0.66737	0.04707	0.99214	0.12426	0.01474	-0.1247	0.99159	0.034603	-0.010317	-0.036169	0.99929
1.6711	0.19249	0.66742	0.047082	0.99216	0.12423	0.013278	-0.12463	0.99157	0.035426	-0.0087653	-0.036803	0.99928
1.6811	0.19237	0.66746	0.047073	0.99219	0.12422	0.011472	-0.12456	0.99156	0.035929	-0.0069121	-0.037078	0.99929
1.6911	0.19225	0.6675	0.047069	0.99221	0.12421	0.0097415	-0.12449	0.99155	0.036572	-0.0051163	-0.0375	0.99928
1.7011	0.19213	0.66753	0.047048	0.99222	0.12421	0.0079292	-0.12442	0.99154	0.036902	-0.0032784	-0.037601	0.99929
1.7111	0.19202	0.66758	0.047057	0.99224	0.1242	0.0062604	-0.12435	0.99152	0.037701	-0.0015249	-0.038186	0.99927
1.7212	0.19189	0.66761	0.047025	0.99225	0.12421	0.0043182	-0.12428	0.99152	0.037925	0.00042893	-0.038167	0.99927
1.7312	0.19179	0.66766	0.047037	0.99225	0.1242	0.0028942	-0.12422	0.9915	0.038672	0.0019336	-0.038732	0.99925
1.7412	0.19168	0.66769	0.047024	0.99226	0.1242	0.0013749	-0.12416	0.99149	0.039064	0.0034886	-0.038932	0.99924
1.7512	0.19158	0.66773	0.047029	0.99226	0.1242	-6.3093e-005	-0.1241	0.99147	0.039728	0.0049966	-0.039412	0.99921
1.7612	0.19148	0.66777	0.047032	0.99226	0.12419	-0.0015205	-0.12403	0.99146	0.040206	0.0065007	-0.039706	0.99919
1.7712	0.19139	0.66783	0.047059	0.99226	0.12418	-0.0027459	-0.12397	0.99144	0.041034	0.0078182	-0.040376	0.99915
1.7812	0.19127	0.66784	0.047037	0.99225	0.12417	-0.0044845	-0.12389	0.99144	0.041105	0.0095503	-0.040231	0.99914
1.7912	0.19118	0.6679	0.047072	0.99224	0.12418	-0.0057166	-0.12384	0.99142	0.041894	0.01087	-0.040861	0.99911
1.8012	0.19106	0.66792	0.047059	0.99223	0.12416	-0.0074015	-0.12375	0.99142	0.042088	0.012564	-0.040845	0.99909
1.8112	0.19095	0.66797	0.047084	0.99222	0.12417	-0.0090303	-0.12368	0.9914	0.042825	0.01427	-0.041374	0.99904
1.8212	0.19084	0.668	0.047086	0.9922	0.12417	-0.010666	-0.1236	0.99139	0.043229	0.015942	-0.041574	0.99901
1.8312	0.19072	0.66806	0.047116	0.99218	0.12416	-0.012442	-0.1235	0.99137	0.04403	0.017801	-0.042149	0.99895
1.8412	0.19061	0.66808	0.047115	0.99216	0.12417	-0.014034	-0.12344	0.99136	0.04434	0.019418	-0.04226	0.99892
1.8512	0.1905	0.66815	0.04716	0.99214	0.12417	-0.015448	-0.12336	0.99133	0.045282	0.020936	-0.043021	0.99885
1.8612	0.19039	0.66817	0.047157	0.99211	0.12419	-0.017034	-0.12331	0.99133	0.045443	0.02253	-0.042985	0.99882
1.8713	0.1903	0.66821	0.047185	0.99209	0.12417	-0.018322	-0.12322	0.99131	0.046035	0.023879	-0.043413	0.99877
1.8813	0.19016	0.66824	0.047196	0.99205	0.12417	-0.020303	-0.12313	0.99131	0.046322	0.025878	-0.043454	0.99872
1.8913	0.19005	0.6683	0.047255	0.99202	0.12417	-0.022022	-0.12303	0.99128	0.047205	0.027691	-0.044119	0.99864
1.9013	0.18992	0.66835	0.047305	0.99197	0.12417	-0.023909	-0.12293	0.99126	0.047887	0.029646	-0.044564	0.99857
1.9113	0.1898	0.6684	0.047363	0.99193	0.12419	-0.02561	-0.12284	0.99123	0.04872	0.031436	-0.04518	0.99848
1.9213	0.18968	0.66842	0.047381	0.99188	0.12419	-0.027382	-0.12276	0.99123	0.048885	0.033212	-0.045127	0.99843
1.9313	0.18957	0.66847	0.047421	0.99184	0.12421	-0.028733	-0.12269	0.99121	0.049492	0.034627	-0.045563	0.99836
1.9413	0.18946	0.66851	0.047463	0.99179	0.12419	-0.030451	-0.12258	0.99119	0.050069	0.036401	-0.045925	0.99828
1.9513	0.18934	0.66857	0.047536	0.99173	0.12422	-0.032135	-0.12249	0.99116	0.050939	0.038178	-0.046581	0.99818
1.9613	0.18924	0.66861	0.047584	0.99169	0.12423	-0.033458	-0.12243	0.99115	0.051389	0.039545	-0.046865	0.99812
1.9713	0.18912	0.66863	0.04761	0.99163	0.12422	-0.035172	-0.12234	0.99115	0.051518	0.041261	-0.046784	0.99805
1.9813	0.18901	0.66864	0.047628	0.99158	0.12423	-0.036581	-0.12228	0.99116	0.051426	0.042646	-0.046519	0.99801
1.9913	0.18891	0.66866	0.04765	0.99153	0.12424	-0.037857	-0.12222	0.99116	0.05155	0.043926	-0.046487	0.99795
2.0013	0.1888	0.66866	0.047655	0.99148	0.1242	-0.039372	-0.12213	0.99119	0.051334	0.045401	-0.046088	0.99791
2.0113	0.1887	0.6687	0.047706	0.99142	0.12424	-0.040683	-0.12208	0.99117	0.051838	0.046764	-0.046427	0.99783
2.0214	0.18861	0.66872	0.047742	0.99137	0.12423	-0.041903	-0.122	0.99116	0.052098	0.048005	-0.046536	0.99776
2.0314	0.18852	0.66875	0.047782	0.99132	0.12425	-0.042906	-0.12195	0.99115	0.052447	0.049042	-0.046759	0.9977
2.0414	0.18843	0.66878	0.047826	0.99128	0.12425	-0.043972	-0.12189	0.99114	0.052776	0.05014	-0.046956	0.99764
2.0514	0.18834	0.66884	0.047899	0.99122	0.12428	-0.045076	-0.12183	0.9911	0.053566	0.051332	-0.047604	0.99755
2.0614	0.18827	0.66889	0.047967	0.9912	0.1243	-0.045621	-0.12179	0.99107	0.054316	0.051965	-0.048282	0.99748
2.0714	0.18816	0.66895	0.048041	0.99113	0.12431	-0.047038	-0.12168	0.99104	0.055083	0.053463	-0.04887	0.99737
2.0814	0.18808	0.66901	0.048133	0.99108	0.12435	-0.047984	-0.12163	0.99099	0.056041	0.05452	-0.049705	0.99727
2.0914	0.188	0.6691	0.04825	0.99103	0.12439	-0.048805	-0.12155	0.99092	0.057412	0.055504	-0.050965	0.99716
2.1014	0.18791	0.6692	0.048388	0.99097	0.12446	-0.049786	-0.12148	0.99084	0.059048	0.056679	-0.052467	0.99701
2.1114	0.18783	0.66937	0.0486	0.99093	0.12456	-0.050365	-0.12138	0.99067	0.06193	0.057609	-0.055256	0.99681
2.1214	0.18776	0.66957	0.04887	0.99089	0.1247	-0.050835	-0.12129	0.99045	0.0655	0.058517	-0.058737	0.99656
2.1314	0.18772	0.66989	0.049261	0.99088	0.12491	-0.050603	-0.12118	0.99008	0.071061	0.058978	-0.064281	0.99619
2.1414	0.18767	0.67032	0.049793	0.99085	0.12519	-0.050394	-0.12104	0.98954	0.078462	0.05969	-0.071644	0.99564
2.1514	0.18759	0.67083	0.050426	0.9908	0.12549	-0.050664	-0.12077	0.98883	0.08734	0.061058	-0.080418	0.99489
2.1614	0.1875	0.67141	0.051127	0.99073	0.12586	-0.051076	-0.1205	0.98795	0.097183	0.062692	-0.090127	0.99396
2.1715	0.1874	0.67203	0.051865	0.99064	0.12625	-0.05184	-0.12013	0.9869	0.10773	0.064761	-0.10049	0.99283
2.1815	0.18726	0.67269	0.052646	0.99052	0.12668	-0.05312	-0.11969	0.98568	0.11874	0.067402	-0.11126	0.9915
2.1915	0.18711	0.67339	0.053441	0.99037	0.12715	-0.054809	-0.11917	0.9843	0.13018	0.070501	-0.1224	0.98997
2.2015	0.18693	0.67411	0.054259	0.99019	0.12766	-0.056844	-0.11856	0.98275	0.14192	0.073982	-0.13379	0.98824
2.2115	0.18675	0.67487	0.055088	0.98999	0.12822	-0.058895	-0.1179	0.981	0.15405	0.07753	-0.14557	0.98631
2.2215	0.18657	0.67567	0.055949	0.98979	0.12881	-0.060962	-0.11716	0.97906	0.1665	0.081132	-0.15766	0.98415
2.2315	0.18636	0.67653	0.05686	0.98955	0.12947	-0.06342	-0.11628	0.97681	0.17978	0.085225	-0.17053	0.98166
2.2415	0.18615	0.67744	0.057825	0.9893	0.1302	-0.065809	-0.11534	0.97425	0.19371	0.089337	-0.18405	0.97885
2.2515	0.18596	0.67841	0.058788	0.98907	0.13099	-0.067667	-0.11441	0.9714	0.20808	0.092987	-0.19806	0.97577
2.2615	0.18571	0.67942	0.059775	0.98876	0.13182	-0.070604	-0.11317	0.96825	0.22288	0.097743	-0.21239	0.97228
2.2715	0.18546	0.68044	0.060734	0.98843	0.13273	-0.073397	-0.11193	0.96489	0.23763	0.10236	-0.22666	0.96858
2.2815	0.18522	0.68145	0.061656	0.98809	0.13365	-0.07623	-0.11061	0.96143	0.25184	0.10695	-0.24041	0.96476
2.2915	0.18494	0.68249	0.062581	0.98771	0.13459	-0.079495	-0.10908	0.95771	0.26625	0.11197	-0.2543	0.96062
2.3015	0.18466	0.68353	0.063495	0.98729	0.13561	-0.082924	-0.10745	0.95382	0.28049	0.11713	-0.26801	0.95627
2.3116	0.18436	0.68459	0.064384	0.98682	0.13667	-0.086659	-0.10566	0.94974	0.29466	0.12257	-0.28162	0.95166
2.3216	0.18405	0.68565	0.065254	0.98634	0.13778	-0.09033	-0.1038	0.94549	0.30867	0.12793	-0.29508	0.94687
2.3316	0.18376	0.68672	0.066098	0.98585	0.13893	-0.093752	-0.10194	0.94104	0.32256	0.13304	-0.30844	0.9419
2.3416	0.18345	0.6878	0.066926	0.98535	0.14013	-0.097215	-0.09999	0.93643	0.3363	0.13816	-0.32166	0.93672
2.3516	0.18314	0.68893	0.067752	0.98481	0.14138	-0.1008	-0.097864	0.93149	0.35037	0.14343	-0.33518	0.93117
2.3616	0.18283	0.69004	0.068556	0.98426	0.14271	-0.10428	-0.095746	0.92643	0.3641	0.14857	-0.34838	0.9255
2.3716	0.18253	0.69118	0.069347	0.98373	0.14406	-0.10738	-0.093651	0.92113	0.37782	0.15334	-0.36162	0.91963
2.3816	0.18222	0.69231	0.070125	0.98314	0.14545	-0.11079	-0.091374	0.9157	0.39133	0.15836	-0.37461	0.91356
2.3916	0.18191	0.69347	0.070889	0.98257	0.1469	-0.11391	-0.089123	0.91004	0.40484	0.16313	-0.38763	0.90727
2.4016	0.1816	0.69465	0.07166	0.98199	0.14842	-0.11691	-0.086817	0.90406	0.41849	0.16781	-0.4008	0.90066
2.4116	0.18129	0.69587	0.072421	0.98138	0.14999	-0.11995	-0.084393	0.89783	0.43218	0.17252	-0.41401	0.89377
2.4216	0.18097	0.69707	0.073166	0.98074	0.1516	-0.12316	-0.081846	0.89147	0.44562	0.17735	-0.42695	0.88671
2.4316	0.18065	0.69829	0.073882	0.9801	0.15325	-0.12615	-0.079298	0.88493	0.45893	0.18197	-0.43979	0.87947
2.4416	0.18032	0.69947	0.074545	0.97944	0.15489	-0.12928	-0.076679	0.87849	0.47157	0.18661	-0.45196	0.8723
2.4516	0.18004	0.70063	0.075165	0.97888	0.15651	-0.13154	-0.074417	0.87203	0.48377	0.19042	-0.46376	0.86526
2.4617	0.17977	0.70178	0.075768	0.97834	0.15815	-0.13354	-0.072243	0.86549	0.49569	0.19397	-0.4753	0.85817
2.4717	0.17952	0.70287	0.076321	0.97785	0.15971	-0.13529	-0.070194	0.85915	0.50688	0.19719	-0.48615	0.85133
2.4817	0.17928	0.70391	0.076835	0.97741	0.16123	-0.13667	-0.068385	0.85307	0.51729	0.19999	-0.49626	0.84483
2.4917	0.17911	0.70491	0.077332	0.97713	0.16267	-0.13692	-0.067163	0.84714	0.52711	0.20173	-0.50586	0.83869
2.5017	0.17893	0.70584	0.077802	0.97685	0.16401	-0.13732	-0.065916	0.84152	0.53619	0.2035	-0.51473	0.83285
2.5117	0.17879	0.70673	0.078248	0.97665	0.16529	-0.13726	-0.064953	0.83612	0.54469	0.2048	-0.52306	0.82733
2.5217	0.17866	0.70753	0.078656	0.97647	0.16646	-0.1371	-0.064156	0.8312	0.55225	0.20588	-0.53046	0.82233
2.5317	0.17856	0.70825	0.07902	0.97639	0.16747	-0.13647	-0.063701	0.8268	0.55888	0.20643	-0.53699	0.81794
2.5417	0.17848	0.70886	0.079328	0.97635	0.16835	-0.13564	-0.063509	0.82304	0.56442	0.20666	-0.54246	0.81427
2.5517	0.17844	0.70934	0.079563	0.9764	0.16904	-0.13445	-0.063666	0.82007	0.56871	0.20639	-0.54672	0.81148
2.5617	0.17845	0.70973	0.079784	0.9766	0.16959	-0.13227	-0.064522	0.8177	0.57202	0.20517	-0.55009	0.80951
2.5717	0.17847	0.70999	0.07992	0.97679	0.16993	-0.13042	-0.065343	0.81619	0.57408	0.204	-0.55223	0.80835
2.5817	0.17853	0.71015	0.080034	0.97708	0.17016	-0.12789	-0.066709	0.81533	0.57514	0.20214	-0.55343	0.808
2.5917	0.17863	0.71021	0.080117	0.97748	0.17021	-0.12474	-0.068521	0.8151	0.57526	0.19959	-0.55376	0.8084
2.6017	0.17873	0.7102	0.080178	0.97787	0.17019	-0.1217	-0.070378	0.81533	0.5747	0.19703	-0.55342	0.80926
2.6118	0.17885	0.71012	0.080218	0.97827	0.17007	-0.11857	-0.072338	0.81598	0.57354	0.19429	-0.5525	0.81055
2.6218	0.17898	0.70999	0.080243	0.97868	0.1699	-0.11539	-0.074403	0.81698	0.57185	0.19143	-0.55107	0.8122
2.6318	0.17911	0.70981	0.080238	0.97909	0.16966	-0.11227	-0.076484	0.81834	0.56962	0.18852	-0.54912	0.8142
2.6418	0.17926	0.70957	0.080238	0.97953	0.16937	-0.10879	-0.078828	0.82001	0.5669	0.18523	-0.54672	0.81657
2.6518	0.1794	0.7093	0.080197	0.97992	0.16905	-0.10575	-0.080936	0.82189	0.56387	0.18223	-0.54399	0.81907
2.6618	0.17955	0.70898	0.080146	0.98034	0.1687	-0.10235	-0.08331	0.82408	0.56031	0.17887	-0.54077	0.82193
2.6718	0.17969	0.70867	0.080079	0.98072	0.16833	-0.099311	-0.085419	0.8262	0.55686	0.17579	-0.53764	0.82465
2.6818	0.17982	0.70834	0.079997	0.98106	0.16797	-0.09647	-0.087447	0.82845	0.5532	0.17284	-0.53428	0.82744
2.6918	0.17997	0.70801	0.079915	0.98142	0.16762	-0.093331	-0.08963	0.83071	0.54944	0.16963	-0.53087	0.83031
2.7018	0.1801	0.70766	0.079823	0.98174	0.16726	-0.090608	-0.091561	0.833	0.54564	0.16674	-0.52738	0.83311
2.7118	0.1802	0.70733	0.079718	0.982	0.16693	-0.088385	-0.093192	0.83519	0.54201	0.1643	-0.52401	0.83571
2.7218	0.18032	0.70699	0.079624	0.98229	0.16662	-0.085739	-0.095065	0.83741	0.53825	0.16148	-0.52056	0.83842
2.7318	0.18043	0.70664	0.079508	0.98253	0.16629	-0.08356	-0.096662	0.83969	0.5344	0.15903	-0.51699	0.84109
2.7418	0.18053	0.70628	0.079378	0.98277	0.16598	-0.081358	-0.098297	0.84202	0.53042	0.15654	-0.51328	0.84382
2.7518	0.18063	0.70593	0.079251	0.983	0.16567	-0.079179	-0.099871	0.84426	0.52655	0.15408	-0.50969	0.84645
2.7619	0.18072	0.70557	0.079119	0.98321	0.16537	-0.077174	-0.10137	0.84658	0.52252	0.15174	-0.50592	0.84913
2.7719	0.18081	0.70521	0.078959	0.9834	0.16506	-0.075329	-0.10275	0.84883	0.51858	0.14954	-0.50223	0.8517
2.7819	0.18091	0.70484	0.078812	0.98361	0.16479	-0.073142	-0.10435	0.85118	0.51439	0.14702	-0.49833	0.85443
2.7919	0.18101	0.70445	0.078648	0.98383	0.16448	-0.070953	-0.10593	0.8536	0.51004	0.14446	-0.49427	0.85722
2.8019	0.18112	0.70406	0.078494	0.98404	0.16421	-0.068553	-0.10762	0.856	0.50566	0.14172	-0.49021	0.86001
2.8119	0.18123	0.70364	0.078309	0.98425	0.16392	-0.066232	-0.10929	0.85861	0.50084	0.13897	-0.48572	0.863
2.8219	0.18135	0.70319	0.078123	0.98447	0.16363	-0.063518	-0.11118	0.86133	0.49572	0.13583	-0.48097	0.86615
2.8319	0.18149	0.70272	0.077914	0.9847	0.16334	-0.06064	-0.11316	0.86418	0.49029	0.13249	-0.47592	0.86945
2.8419	0.18164	0.70216	0.07767	0.98494	0.16304	-0.057473	-0.11536	0.86748	0.48391	0.12876	-0.46999	0.87323
2.8519	0.1818	0.70157	0.077398	0.98519	0.16271	-0.054181	-0.11761	0.87095	0.47709	0.12482	-0.46365	0.87718
2.8619	0.18196	0.70091	0.077087	0.98542	0.1624	-0.050817	-0.11996	0.87476	0.46947	0.1207	-0.45653	0.88148
2.8719	0.18213	0.70021	0.076755	0.98565	0.16207	-0.047261	-0.12237	0.87872	0.46138	0.11631	-0.44898	0.88594
2.8819	0.18231	0.69944	0.076371	0.98587	0.16178	-0.043438	-0.12498	0.88306	0.45231	0.11153	-0.44049	0.8908
2.8919	0.18249	0.69861	0.075917	0.98607	0.16145	-0.039894	-0.12742	0.88761	0.44261	0.10687	-0.43137	0.89582
2.9019	0.18269	0.69771	0.075421	0.98628	0.16119	-0.035558	-0.13029	0.89248	0.43186	0.10135	-0.4213	0.90124
2.912	0.1829	0.69676	0.074858	0.98647	0.16091	-0.031299	-0.13306	0.89751	0.42043	0.095742	-0.41058	0.90678
2.922	0.18308	0.69574	0.074197	0.98662	0.16067	-0.027537	-0.13561	0.90275	0.40824	0.09045	-0.39905	0.91246
2.932	0.18326	0.6947	0.073468	0.98676	0.16046	-0.023742	-0.13814	0.90801	0.39551	0.085021	-0.38699	0.91816
2.942	0.18345	0.6936	0.072702	0.98687	0.16032	-0.019616	-0.14079	0.91342	0.3819	0.079143	-0.37413	0.92399
2.952	0.18365	0.6925	0.07191	0.98697	0.16019	-0.015431	-0.14335	0.91868	0.36808	0.073139	-0.36107	0.92967
2.962	0.18384	0.6914	0.071117	0.98703	0.16012	-0.011101	-0.14588	0.92376	0.3541	0.066954	-0.34789	0.93514
2.972	0.18402	0.69033	0.070306	0.98707	0.16011	-0.0070267	-0.14821	0.9286	0.34019	0.060994	-0.33475	0.94033
2.982	0.18421	0.68927	0.069507	0.98709	0.16016	-0.0027055	-0.15053	0.93325	0.32616	0.054762	-0.32154	0.94531
2.992	0.18438	0.68822	0.068661	0.98707	0.16026	0.0012264	-0.15264	0.93773	0.31204	0.048858	-0.30819	0.95007
3.002	0.18453	0.68716	0.067794	0.98703	0.16044	0.0051076	-0.15467	0.94206	0.29765	0.042942	-0.29458	0.95466
3.012	0.18468	0.68612	0.066899	0.98697	0.16063	0.0089019	-0.15655	0.94618	0.28325	0.037077	-0.28095	0.95901
3.022	0.18482	0.68509	0.065976	0.98689	0.16092	0.012629	-0.15837	0.95013	0.26864	0.031231	-0.26712	0.96316
3.032	0.18494	0.68405	0.064998	0.98679	0.16123	0.015983	-0.15997	0.95393	0.25383	0.025678	-0.25303	0.96712
3.042	0.18506	0.68299	0.06396	0.98666	0.16165	0.019458	-0.16159	0.95764	0.23835	0.019895	-0.23832	0.97098
3.052	0.18514	0.68193	0.062862	0.98653	0.16206	0.022275	-0.16293	0.96116	0.22277	0.014692	-0.2234	0.97462
3.0621	0.18525	0.68088	0.061773	0.98636	0.16257	0.02565	-0.16434	0.96445	0.20697	0.0089082	-0.20836	0.97801
3.0721	0.18535	0.67988	0.060702	0.98619	0.16307	0.029024	-0.1656	0.96743	0.19147	0.0031437	-0.19363	0.98107
3.0821	0.18541	0.67887	0.059576	0.98601	0.16364	0.031664	-0.16667	0.97021	0.17583	-0.0019473	-0.17865	0.98391
3.0921	0.18547	0.67791	0.058449	0.98583	0.16424	0.034209	-0.16762	0.97271	0.16044	-0.0069258	-0.1639	0.98645
3.1021	0.18552	0.67694	0.057283	0.98562	0.16491	0.036812	-0.16854	0.97502	0.14465	-0.012038	-0.14878	0.9888
3.1121	0.18554	0.67599	0.056058	0.98543	0.16559	0.038822	-0.16926	0.97711	0.12884	-0.0166	-0.13353	0.99091
3.1221	0.18558	0.67507	0.054862	0.98521	0.16631	0.041181	-0.16998	0.97892	0.11325	-0.021478	-0.11858	0.99271
3.1321	0.18558	0.67416	0.053605	0.98501	0.16705	0.042973	-0.17054	0.98051	0.097505	-0.025847	-0.10337	0.99431
3.1421	0.18556	0.67326	0.052301	0.98481	0.16785	0.044486	-0.17103	0.98189	0.081544	-0.029993	-0.087914	0.99568
3.1521	0.18556	0.67239	0.051012	0.98458	0.16867	0.046362	-0.17149	0.98299	0.065682	-0.034495	-0.07262	0.99676
3.1621	0.18555	0.67154	0.049705	0.98436	0.1695	0.047963	-0.17184	0.98386	0.049804	-0.038747	-0.057267	0.99761
3.1721	0.18554	0.67073	0.048423	0.98414	0.17033	0.049611	-0.17212	0.98447	0.034405	-0.042981	-0.042398	0.99818
3.1821	0.18554	0.67007	0.047423	0.98395	0.17094	0.051136	-0.17222	0.98482	0.021706	-0.04665	-0.030164	0.99846
3.1921	0.18567	0.66994	0.047377	0.98379	0.17097	0.054161	-0.1722	0.98488	0.018934	-0.050105	-0.027954	0.99835
3.2021	0.18563	0.66989	0.047299	0.98382	0.17094	0.053685	-0.1721	0.98492	0.017881	-0.049819	-0.026831	0.9984
3.2122	0.18548	0.66993	0.047226	0.98397	0.17087	0.051112	-0.172	0.98492	0.018479	-0.047184	-0.026973	0.99852
3.2222	0.18529	0.66998	0.047125	0.98414	0.17086	0.04777	-0.17193	0.98492	0.019237	-0.043763	-0.027145	0.99867
3.2322	0.18509	0.67006	0.047054	0.9843	0.17083	0.044432	-0.17186	0.98491	0.020517	-0.040256	-0.027831	0.9988
3.2422	0.18491	0.67011	0.046971	0.98444	0.17083	0.041257	-0.1718	0.9849	0.02137	-0.036983	-0.028126	0.99892
3.2522	0.18475	0.67017	0.046921	0.98455	0.17081	0.038585	-0.17174	0.98489	0.022356	-0.034184	-0.028637	0.99901
3.2622	0.18459	0.67022	0.046862	0.98465	0.1708	0.035958	-0.17169	0.98488	0.023098	-0.03147	-0.028917	0.99909
3.2722	0.18444	0.67028	0.046824	0.98474	0.17078	0.033539	-0.17162	0.98487	0.024003	-0.028933	-0.029393	0.99915
3.2822	0.18431	0.6703	0.046762	0.9848	0.1708	0.031429	-0.17158	0.98487	0.024217	-0.026817	-0.029241	0.99921
3.2922	0.18419	0.67034	0.046739	0.98487	0.17078	0.029548	-0.17153	0.98486	0.024898	-0.024848	-0.02959	0.99925
3.3022	0.18407	0.67036	0.04668	0.98492	0.17079	0.027724	-0.17149	0.98487	0.025038	-0.023029	-0.029415	0.9993
3.3122	0.18394	0.6704	0.046645	0.98497	0.17077	0.02579	-0.17143	0.98486	0.025651	-0.021019	-0.029686	0.99934
3.3222	0.18383	0.67042	0.0466	0.98502	0.17078	0.024033	-0.17138	0.98487	0.025856	-0.019254	-0.029587	0.99938
3.3322	0.18371	0.67046	0.04657	0.98506	0.17077	0.022251	-0.17133	0.98486	0.026306	-0.017422	-0.029725	0.99941
3.3422	0.18359	0.67049	0.046537	0.9851	0.17078	0.02045	-0.17129	0.98486	0.026652	-0.015589	-0.029757	0.99944
3.3522	0.1835	0.67051	0.046515	0.98513	0.17077	0.019105	-0.17125	0.98486	0.026969	-0.01421	-0.02984	0.99945
3.3623	0.18339	0.67053	0.046476	0.98516	0.17077	0.017413	-0.1712	0.98486	0.027063	-0.012528	-0.029642	0.99948
3.3723	0.18328	0.67057	0.046461	0.98518	0.17076	0.015912	-0.17115	0.98486	0.027563	-0.010964	-0.029878	0.99949
3.3823	0.18318	0.67058	0.046426	0.9852	0.17078	0.014402	-0.17112	0.98486	0.027638	-0.0094637	-0.029694	0.99951
3.3923	0.18307	0.6706	0.046397	0.98523	0.17076	0.012844	-0.17106	0.98487	0.027873	-0.0078901	-0.029659	0.99953
3.4023	0.18296	0.67062	0.046367	0.98525	0.17077	0.011234	-0.17102	0.98487	0.028051	-0.0062737	-0.029558	0.99954
3.4123	0.18287	0.67065	0.046341	0.98526	0.17077	0.0099549	-0.17099	0.98487	0.028325	-0.0049673	-0.029609	0.99955
3.4223	0.18277	0.67066	0.046298	0.98527	0.17077	0.0084652	-0.17094	0.98487	0.028322	-0.0035006	-0.029352	0.99956
3.4323	0.18266	0.67068	0.046273	0.98529	0.17077	0.0068357	-0.17089	0.98487	0.028671	-0.0018363	-0.029417	0.99957
3.4423	0.18257	0.67069	0.04623	0.98529	0.17077	0.0056615	-0.17087	0.98488	0.028528	-0.00070409	-0.029076	0.99958
3.4523	0.18248	0.67072	0.046219	0.9853	0.17077	0.0043685	-0.17082	0.98488	0.028885	0.00063029	-0.029207	0.99957
3.4623	0.18237	0.67073	0.046199	0.98531	0.17077	0.002807	-0.17078	0.98488	0.029014	0.0021901	-0.029067	0.99958
3.4723	0.18226	0.67076	0.046194	0.98531	0.17077	0.0012307	-0.17073	0.98488	0.029405	0.0038095	-0.029183	0.99957
3.4823	0.18217	0.67076	0.046162	0.98531	0.17078	-6.9119e-006	-0.1707	0.98489	0.029204	0.0049942	-0.028774	0.99957
3.4923	0.18208	0.6708	0.046167	0.98531	0.17076	-0.0014314	-0.17064	0.98489	0.029694	0.0064803	-0.029014	0.99956
3.5023	0.18196	0.67081	0.046152	0.98531	0.17077	-0.0031985	-0.1706	0.98489	0.029849	0.0082476	-0.028865	0.99955
3.5124	0.18188	0.67084	0.046155	0.9853	0.17077	-0.0042319	-0.17057	0.98488	0.030171	0.0093203	-0.029006	0.99954
3.5224	0.18177	0.67086	0.046147	0.98529	0.17078	-0.0057045	-0.17053	0.98489	0.030301	0.010793	-0.028883	0.99952
3.5324	0.18169	0.67088	0.046144	0.98529	0.17077	-0.006737	-0.1705	0.98489	0.03044	0.011833	-0.028843	0.99951
3.5424	0.18161	0.67088	0.046129	0.98528	0.17078	-0.0078795	-0.17047	0.98489	0.030422	0.012956	-0.028631	0.99951
3.5524	0.1815	0.6709	0.046116	0.98527	0.17077	-0.009345	-0.17042	0.9849	0.030565	0.014423	-0.028522	0.99949
3.5624	0.18141	0.67092	0.046109	0.98525	0.17078	-0.01069	-0.17038	0.9849	0.03073	0.015776	-0.028455	0.99947
3.5724	0.18131	0.67095	0.046112	0.98524	0.17077	-0.011934	-0.17034	0.98489	0.031136	0.017071	-0.028643	0.99944
3.5824	0.18122	0.67097	0.046108	0.98522	0.17077	-0.013237	-0.1703	0.9849	0.031223	0.018369	-0.028508	0.99942
3.5924	0.18113	0.671	0.046119	0.9852	0.17078	-0.014404	-0.17026	0.98489	0.031615	0.019586	-0.028695	0.9994
3.6024	0.18103	0.67101	0.04611	0.98519	0.17077	-0.015692	-0.17022	0.9849	0.031623	0.020855	-0.028484	0.99938
3.6124	0.18094	0.67103	0.046117	0.98516	0.17077	-0.016945	-0.17017	0.98489	0.031979	0.02215	-0.028621	0.99934
3.6224	0.18085	0.67105	0.046119	0.98514	0.17078	-0.018149	-0.17015	0.9849	0.032081	0.023353	-0.028516	0.99932
3.6324	0.18075	0.67108	0.046141	0.98512	0.17077	-0.019539	-0.17008	0.98489	0.032486	0.024792	-0.028679	0.99928
3.6424	0.18063	0.6711	0.046168	0.98508	0.17077	-0.021319	-0.17003	0.9849	0.032726	0.026586	-0.028613	0.99924
3.6524	0.18054	0.67114	0.046207	0.98505	0.17077	-0.022655	-0.16998	0.98488	0.033348	0.028007	-0.028999	0.99919
3.6625	0.18044	0.67116	0.046218	0.98502	0.17078	-0.023907	-0.16994	0.98489	0.033464	0.029261	-0.0289	0.99915
3.6725	0.18036	0.6712	0.046245	0.98499	0.17078	-0.024923	-0.1699	0.98488	0.033946	0.030343	-0.029202	0.99911
