0	0.23189	0.092496	0.097437	0.99294	-0.10815	-0.048654	0.073279	0.88211	-0.46532	0.093243	0.45847	0.88381
0.01	0.2338	0.10347	0.091965	0.99263	-0.11579	-0.035723	0.085744	0.87949	-0.46813	0.085623	0.46162	0.88293
0.02	0.23618	0.11386	0.085413	0.99268	-0.11775	-0.026807	0.092794	0.88581	-0.45468	0.077284	0.44886	0.89025
0.03	0.23899	0.12304	0.077688	0.99355	-0.11099	-0.023157	0.091388	0.90482	-0.41587	0.067112	0.41108	0.90913
0.04	0.24202	0.13071	0.069042	0.99532	-0.093527	-0.024254	0.079527	0.93556	-0.34409	0.054873	0.34055	0.93862
0.05	0.24482	0.13687	0.060478	0.99732	-0.067832	-0.027506	0.059064	0.96774	-0.24494	0.043233	0.24266	0.96915
0.06	0.24688	0.14173	0.053371	0.99869	-0.041693	-0.029524	0.037108	0.98921	-0.14169	0.035113	0.14041	0.98947
0.07	0.24819	0.14545	0.048316	0.99939	-0.019834	-0.02886	0.01823	0.99833	-0.054804	0.029898	0.054244	0.99808
0.08	0.24904	0.14822	0.045258	0.99966	-0.003224	-0.026052	0.0033888	0.99997	0.0062843	0.026031	-0.0063704	0.99964
0.09	0.24961	0.15033	0.043813	0.99972	0.0085168	-0.021912	-0.0075877	0.99908	0.042142	0.022251	-0.041964	0.99887
0.1	0.24995	0.15196	0.04348	0.99973	0.015733	-0.017229	-0.014701	0.99818	0.058464	0.018117	-0.058194	0.99814
0.11	0.25009	0.15313	0.043761	0.99973	0.019437	-0.012901	-0.018588	0.99785	0.062922	0.014096	-0.062665	0.99794
0.12	0.25014	0.15389	0.044264	0.99973	0.021078	-0.0093163	-0.020461	0.99787	0.061924	0.010602	-0.061717	0.99804
0.13	0.25019	0.15432	0.044727	0.99974	0.021856	-0.0067872	-0.021414	0.998	0.059536	0.0080748	-0.059375	0.9982
0.14	0.25031	0.15448	0.045016	0.99973	0.022754	-0.0056527	-0.022388	0.99807	0.057997	0.0069614	-0.057854	0.9983
0.15	0.25057	0.15447	0.045105	0.99968	0.024464	-0.0060703	-0.024069	0.99801	0.058273	0.0074838	-0.058108	0.99828
0.16	0.25099	0.15436	0.045036	0.9996	0.02725	-0.008008	-0.026717	0.99781	0.060471	0.0096383	-0.060232	0.99814
0.17	0.25153	0.15419	0.044888	0.99946	0.030818	-0.011177	-0.030041	0.9975	0.064025	0.013122	-0.063655	0.99789
0.18	0.25207	0.15403	0.044762	0.9993	0.034252	-0.014772	-0.033178	0.99716	0.067664	0.017048	-0.067127	0.9976
0.19	0.25249	0.15393	0.044732	0.99917	0.036582	-0.017967	-0.035239	0.99692	0.070122	0.020477	-0.069431	0.99738
0.2	0.25273	0.15389	0.044819	0.99909	0.037298	-0.020481	-0.03576	0.99684	0.070922	0.023062	-0.070125	0.99727
0.21	0.25277	0.15388	0.044999	0.99909	0.036354	-0.022417	-0.034694	0.99691	0.070438	0.024908	-0.069596	0.99726
0.22	0.25265	0.15386	0.045223	0.99913	0.034044	-0.023992	-0.032302	0.99705	0.069584	0.02629	-0.068748	0.99729
0.23	0.25245	0.15379	0.04544	0.9992	0.030967	-0.025367	-0.029142	0.99716	0.069418	0.027445	-0.068623	0.99727
0.24	0.25223	0.15366	0.045624	0.99927	0.027526	-0.026484	-0.025601	0.99719	0.070452	0.028348	-0.069722	0.99716
0.25	0.25203	0.1535	0.04577	0.99935	0.02375	-0.027032	-0.021732	0.99712	0.07263	0.028679	-0.071996	0.99699
0.26	0.25187	0.15332	0.045884	0.99945	0.019733	-0.026585	-0.017668	0.99697	0.075807	0.028	-0.075296	0.99677
0.27	0.25175	0.15315	0.045985	0.99957	0.015888	-0.024792	-0.013866	0.99672	0.079686	0.025977	-0.079307	0.99651
0.28	0.25169	0.15304	0.046101	0.99968	0.012962	-0.021663	-0.011109	0.99644	0.083567	0.022669	-0.0833	0.99627
0.29	0.25169	0.15304	0.046262	0.99977	0.011597	-0.017867	-0.010012	0.99621	0.086368	0.018801	-0.086169	0.9961
0.3	0.25176	0.15316	0.046482	0.99983	0.011699	-0.014531	-0.010382	0.9961	0.087597	0.015499	-0.087431	0.99605
0.31	0.25189	0.15335	0.046743	0.99984	0.012525	-0.012845	-0.011346	0.99605	0.088105	0.013898	-0.087945	0.99603
0.32	0.25203	0.15354	0.047025	0.99983	0.013187	-0.013188	-0.011961	0.99595	0.089097	0.01431	-0.088923	0.99594
0.33	0.25217	0.15371	0.047327	0.99979	0.013377	-0.01542	-0.011921	0.99578	0.090943	0.016572	-0.09074	0.99574
0.34	0.25232	0.15387	0.047657	0.99972	0.013328	-0.019478	-0.011454	0.99557	0.093375	0.020636	-0.093126	0.99544
0.35	0.25249	0.15405	0.047996	0.99961	0.0132	-0.024674	-0.010768	0.9953	0.096224	0.025828	-0.09592	0.99505
0.36	0.25263	0.15424	0.048295	0.99948	0.012848	-0.02962	-0.0098335	0.99496	0.099763	0.030752	-0.09942	0.99457
0.37	0.25268	0.15442	0.048515	0.99938	0.012067	-0.032979	-0.0085669	0.99451	0.1043	0.034056	-0.10395	0.994
0.38	0.25261	0.15455	0.04865	0.99936	0.010661	-0.034051	-0.0068588	0.99392	0.10989	0.035016	-0.10958	0.99336
0.39	0.25244	0.15465	0.048703	0.99941	0.0084898	-0.033305	-0.0045568	0.99319	0.11644	0.034067	-0.11622	0.99264
0.4	0.25224	0.15473	0.048707	0.99947	0.0056008	-0.031968	-0.0016091	0.99234	0.12355	0.032415	-0.12344	0.99182
0.41	0.25207	0.15484	0.048743	0.99953	0.0021561	-0.0307	0.0018725	0.99143	0.13059	0.030718	-0.13059	0.99096
0.42	0.25197	0.155	0.048906	0.99956	-0.0017118	-0.029721	0.0057773	0.99052	0.13725	0.029204	-0.13736	0.99009
0.43	0.25196	0.15523	0.049266	0.99955	-0.0058907	-0.029282	0.010042	0.98957	0.14372	0.02813	-0.14395	0.98919
0.44	0.25205	0.15551	0.049858	0.99951	-0.010353	-0.02951	0.01469	0.98846	0.15074	0.027609	-0.1511	0.98813
0.45	0.25224	0.1558	0.050676	0.99942	-0.014982	-0.030543	0.019668	0.98701	0.15944	0.027757	-0.15995	0.98673
0.46	0.25253	0.15611	0.0517	0.99928	-0.019341	-0.032649	0.024643	0.98501	0.17075	0.028857	-0.17143	0.98477
0.47	0.25287	0.15644	0.052918	0.99909	-0.023129	-0.035854	0.029374	0.98233	0.18485	0.030945	-0.18573	0.98211
0.48	0.2532	0.15683	0.05432	0.99885	-0.026114	-0.04017	0.033699	0.97889	0.20159	0.034058	-0.20271	0.97865
0.49	0.25344	0.15732	0.055909	0.99859	-0.027826	-0.045134	0.037132	0.97465	0.22064	0.03785	-0.22201	0.97431
0.5	0.2535	0.15794	0.057703	0.99837	-0.027914	-0.04971	0.039139	0.96958	0.24161	0.041453	-0.24317	0.9691
0.51	0.25332	0.1587	0.059724	0.99823	-0.02627	-0.053268	0.039479	0.96353	0.26466	0.044373	-0.2663	0.96287
0.52	0.25289	0.15967	0.06202	0.99818	-0.022998	-0.055722	0.038211	0.95632	0.2898	0.046624	-0.2914	0.95546
0.53	0.25224	0.16092	0.064662	0.99818	-0.01844	-0.057459	0.035736	0.94788	0.31661	0.048626	-0.31809	0.94681
0.54	0.25142	0.16257	0.067742	0.99814	-0.013081	-0.059568	0.032883	0.93802	0.34501	0.051363	-0.34633	0.93671
0.55	0.25049	0.16467	0.071344	0.99801	-0.007584	-0.062676	0.030638	0.9262	0.37578	0.055201	-0.37695	0.92459
0.56	0.24945	0.16733	0.07555	0.99779	-0.0026521	-0.066416	0.029719	0.91157	0.41007	0.059456	-0.41114	0.90963
0.57	0.2483	0.17071	0.080404	0.99752	0.00074368	-0.070327	0.030992	0.89297	0.44904	0.063134	-0.45011	0.89074
0.58	0.24712	0.17502	0.085928	0.99719	0.0015676	-0.074843	0.03567	0.86904	0.49346	0.065815	-0.49474	0.86654
0.59	0.24601	0.18053	0.092182	0.9967	-0.00079394	-0.081189	0.044921	0.83835	0.54327	0.067633	-0.54512	0.83562
0.6	0.24505	0.18755	0.09927	0.99589	-0.0063001	-0.090309	0.05922	0.79986	0.59725	0.068472	-0.60015	0.79695
0.61	0.24428	0.19642	0.10727	0.99469	-0.013958	-0.10192	0.077495	0.75324	0.65317	0.067653	-0.6576	0.75032
0.62	0.24373	0.20742	0.1162	0.99316	-0.021554	-0.11476	0.097039	0.69898	0.70853	0.064941	-0.71482	0.69629
0.63	0.24342	0.22059	0.12595	0.99154	-0.026514	-0.12703	0.1146	0.63816	0.76132	0.060882	-0.76944	0.63581
0.64	0.24334	0.23563	0.13631	0.99027	-0.027049	-0.13648	0.12729	0.5722	0.81018	0.056177	-0.81967	0.57007
0.65	0.24343	0.25182	0.14687	0.98969	-0.022963	-0.14141	0.13366	0.5032	0.85377	0.051551	-0.86386	0.50108
0.66	0.2436	0.2679	0.15695	0.9898	-0.015726	-0.14158	0.13426	0.4352	0.89027	0.047617	-0.9002	0.43288
