0	0.20794	0.7451	-0.0035914	0.95405	-0.29	0.075474	0.28909	0.95703	0.02287	-0.078863	9.7228e-009	0.99689
0.010007	0.20814	0.74462	-0.0057515	0.94954	-0.31352	0.0087047	0.31337	0.94952	0.014729	-0.012883	-0.011258	0.99985
0.020013	0.20812	0.74463	-0.0060692	0.9476	-0.31925	-0.011255	0.31934	0.94762	0.0063276	0.0086457	-0.0095903	0.99992
0.03002	0.20808	0.74463	-0.006124	0.94854	-0.31663	-0.0036011	0.31665	0.94849	0.0095337	0.00039693	-0.010183	0.99995
0.040027	0.20805	0.74465	-0.0061321	0.9483	-0.31734	-0.0050358	0.31738	0.94825	0.0091731	0.0018642	-0.010297	0.99995
0.050034	0.20803	0.74467	-0.0061491	0.94802	-0.31813	-0.0069075	0.31818	0.94799	0.0084884	0.0038479	-0.010245	0.99994
0.06004	0.208	0.74469	-0.006159	0.94782	-0.31869	-0.0082011	0.31875	0.9478	0.0079992	0.0052237	-0.010196	0.99993
0.070047	0.20797	0.74471	-0.006171	0.9477	-0.31903	-0.0089553	0.3191	0.94769	0.0076906	0.0060333	-0.010146	0.99993
0.080054	0.20794	0.74473	-0.0061629	0.94752	-0.31953	-0.010054	0.3196	0.94752	0.0071845	0.0072304	-0.010021	0.99992
0.09006	0.20792	0.74475	-0.0061472	0.94728	-0.32021	-0.011593	0.32029	0.94729	0.0065905	0.0088715	-0.0099561	0.99991
0.10007	0.20789	0.74477	-0.0061012	0.94697	-0.32104	-0.013531	0.32114	0.94702	0.00584	0.010939	-0.0098755	0.99989
0.11007	0.20786	0.74479	-0.0060526	0.94662	-0.32198	-0.015708	0.32209	0.9467	0.0050436	0.013246	-0.0098336	0.99986
0.12008	0.20784	0.74481	-0.0059935	0.94623	-0.32298	-0.018039	0.3231	0.94636	0.0040834	0.015753	-0.0096923	0.99983
0.13009	0.20781	0.74484	-0.0059309	0.94579	-0.32413	-0.020702	0.32426	0.94596	0.0029912	0.018613	-0.0095416	0.99978
0.14009	0.20778	0.74487	-0.0058528	0.94528	-0.32539	-0.023673	0.32552	0.94553	0.0017054	0.021829	-0.0093181	0.99972
0.1501	0.20775	0.7449	-0.0057726	0.94479	-0.32659	-0.026548	0.32672	0.94512	0.00053647	0.024916	-0.0091804	0.99965
0.16011	0.20772	0.74493	-0.0056826	0.9443	-0.32778	-0.029423	0.3279	0.94471	-0.0008153	0.028063	-0.0088776	0.99957
0.17011	0.20768	0.74496	-0.0055968	0.94377	-0.329	-0.032428	0.32911	0.94429	-0.0021138	0.031317	-0.0086774	0.99947
0.18012	0.20764	0.74499	-0.0054993	0.94324	-0.33021	-0.035447	0.3303	0.94387	-0.0035724	0.034637	-0.0083384	0.99937
0.19013	0.20761	0.74502	-0.0054135	0.9428	-0.33119	-0.037968	0.33125	0.94353	-0.0047234	0.037388	-0.0081237	0.99927
0.20013	0.20757	0.74505	-0.0053136	0.94232	-0.33224	-0.040668	0.33228	0.94316	-0.0061128	0.040387	-0.0077528	0.99915
0.21014	0.20753	0.74508	-0.0052022	0.94185	-0.33322	-0.043309	0.33323	0.94282	-0.0072963	0.043264	-0.0075599	0.99904
0.22015	0.20748	0.74511	-0.005061	0.94134	-0.33428	-0.046176	0.33425	0.94244	-0.0087904	0.046457	-0.0071593	0.99889
0.23015	0.20744	0.74514	-0.0049349	0.94087	-0.33523	-0.04885	0.33515	0.94211	-0.010019	0.04938	-0.0069457	0.99876
0.24016	0.2074	0.74517	-0.004814	0.94043	-0.33608	-0.051284	0.33595	0.94181	-0.011397	0.05213	-0.0065105	0.99862
0.25017	0.20735	0.7452	-0.0046899	0.93998	-0.33694	-0.053872	0.33677	0.9415	-0.012582	0.05496	-0.0063156	0.99847
0.26017	0.20731	0.74523	-0.004579	0.93959	-0.33767	-0.056064	0.33743	0.94125	-0.013828	0.05744	-0.0059256	0.99833
0.27018	0.20726	0.74525	-0.0044882	0.93927	-0.33825	-0.057975	0.33797	0.94104	-0.014758	0.059549	-0.0057324	0.99821
0.28019	0.20722	0.74527	-0.0044198	0.93904	-0.33865	-0.059365	0.33834	0.9409	-0.015645	0.061155	-0.0053941	0.99811
0.29019	0.20717	0.74529	-0.0043712	0.93885	-0.33896	-0.060472	0.33861	0.94078	-0.016267	0.062405	-0.0052039	0.99804
0.3002	0.20713	0.74531	-0.0043053	0.93862	-0.33937	-0.061879	0.33898	0.94064	-0.017082	0.064003	-0.0049424	0.99794
0.31021	0.20708	0.74532	-0.0042739	0.93852	-0.33951	-0.062624	0.3391	0.94059	-0.017428	0.064821	-0.0048791	0.99788
0.32021	0.20705	0.74532	-0.0042687	0.93851	-0.33951	-0.062748	0.33908	0.94059	-0.017721	0.065036	-0.0046458	0.99787
0.33022	0.20701	0.74533	-0.0042951	0.93857	-0.33939	-0.062503	0.33897	0.94063	-0.017657	0.064785	-0.0046142	0.99789
0.34023	0.20697	0.74533	-0.0043065	0.93858	-0.33935	-0.062478	0.33892	0.94065	-0.017674	0.064767	-0.0045861	0.99789
0.35023	0.20693	0.74533	-0.0043594	0.93874	-0.33906	-0.061698	0.33866	0.94075	-0.017277	0.0639	-0.0046762	0.99795
0.36024	0.2069	0.74533	-0.0044073	0.93888	-0.33882	-0.06086	0.33843	0.94084	-0.016944	0.063	-0.0046889	0.998
0.37025	0.20686	0.74534	-0.0044452	0.93899	-0.33862	-0.060283	0.33826	0.94091	-0.016388	0.06227	-0.0050034	0.99805
0.38026	0.20683	0.74534	-0.0044858	0.93912	-0.3384	-0.059525	0.33806	0.94099	-0.015858	0.061379	-0.0052305	0.9981
0.39026	0.2068	0.74534	-0.0045448	0.93929	-0.3381	-0.058536	0.33781	0.94109	-0.015142	0.060208	-0.0055513	0.99817
0.40027	0.20676	0.74534	-0.0045948	0.93945	-0.33782	-0.05752	0.33756	0.94119	-0.014501	0.059036	-0.0057936	0.99824
0.41028	0.20673	0.74534	-0.0046788	0.93967	-0.33744	-0.056167	0.33722	0.94133	-0.013593	0.057459	-0.0061679	0.99833
0.42028	0.2067	0.74534	-0.0047503	0.93988	-0.33708	-0.054827	0.33691	0.94145	-0.012735	0.05591	-0.0065022	0.99841
0.43029	0.20666	0.74535	-0.0047943	0.93996	-0.33695	-0.054274	0.33681	0.9415	-0.012064	0.055164	-0.0069403	0.99845
0.4403	0.20663	0.74535	-0.0048481	0.94012	-0.33667	-0.053257	0.33656	0.9416	-0.011368	0.053974	-0.0072365	0.99852
0.4503	0.2066	0.74535	-0.0049088	0.94026	-0.33641	-0.052317	0.33634	0.94168	-0.010445	0.05278	-0.0077753	0.99858
0.46031	0.20656	0.74536	-0.0049515	0.94038	-0.33621	-0.05154	0.33616	0.94175	-0.0097989	0.051832	-0.0081111	0.99862
0.47032	0.20653	0.74536	-0.005	0.94055	-0.33588	-0.050464	0.33588	0.94186	-0.0088328	0.050497	-0.0086421	0.99869
0.48032	0.2065	0.74537	-0.0050106	0.94062	-0.33578	-0.049937	0.3358	0.9419	-0.0082035	0.04979	-0.0090526	0.99872
0.49033	0.20646	0.74538	-0.0050113	0.94065	-0.33571	-0.049735	0.33577	0.94191	-0.0074583	0.04935	-0.0096839	0.99873
0.50034	0.20643	0.74538	-0.0050327	0.94079	-0.33544	-0.048863	0.33553	0.94201	-0.0065753	0.048235	-0.010209	0.99878
0.51034	0.20639	0.74539	-0.0050632	0.94092	-0.33519	-0.048093	0.33531	0.94209	-0.0057442	0.047233	-0.010721	0.99883
0.52035	0.20635	0.74539	-0.0050888	0.94102	-0.33502	-0.047438	0.33516	0.94215	-0.0050686	0.046392	-0.01113	0.99886
0.53036	0.20632	0.7454	-0.0051133	0.9411	-0.33485	-0.046954	0.33503	0.9422	-0.004349	0.045697	-0.011638	0.99889
0.54036	0.20628	0.7454	-0.0051371	0.94117	-0.33471	-0.046467	0.3349	0.94224	-0.0038111	0.045059	-0.011975	0.99891
0.55037	0.20625	0.7454	-0.0051894	0.94138	-0.33428	-0.04534	0.3345	0.94239	-0.0029172	0.043703	-0.01242	0.99897
0.56038	0.20621	0.74541	-0.0052374	0.94156	-0.33391	-0.044339	0.33415	0.94252	-0.0020882	0.042487	-0.01285	0.99901
0.57038	0.20617	0.74541	-0.0052903	0.94176	-0.33348	-0.043271	0.33375	0.94266	-0.0011048	0.041158	-0.013401	0.99906
0.58039	0.20614	0.74541	-0.0053415	0.94201	-0.33295	-0.041976	0.33324	0.94284	-0.00027652	0.039669	-0.013727	0.99912
0.5904	0.2061	0.74541	-0.0053935	0.94223	-0.33247	-0.040839	0.33278	0.94301	0.00074646	0.038263	-0.014293	0.99917
0.6004	0.20607	0.74541	-0.0054403	0.94242	-0.33206	-0.039879	0.33238	0.94314	0.0016159	0.037075	-0.014778	0.9992
0.61041	0.20603	0.74541	-0.0054848	0.94263	-0.33158	-0.038827	0.33192	0.9433	0.0025943	0.035765	-0.015333	0.99924
0.62042	0.20599	0.74541	-0.0055287	0.94287	-0.33103	-0.037639	0.33139	0.94349	0.003575	0.034328	-0.015844	0.99929
0.63042	0.20596	0.74541	-0.0055838	0.94315	-0.33037	-0.036285	0.33074	0.94371	0.004569	0.032733	-0.01631	0.99933
0.64043	0.20592	0.74541	-0.0056263	0.94343	-0.32971	-0.034952	0.3301	0.94393	0.0056287	0.031136	-0.016848	0.99937
0.65044	0.20588	0.74541	-0.0056696	0.94374	-0.32898	-0.033533	0.32937	0.94418	0.0067405	0.029444	-0.017406	0.99941
0.66044	0.20584	0.74541	-0.0057091	0.9441	-0.32811	-0.031902	0.3285	0.94447	0.0079179	0.027532	-0.017955	0.99946
0.67045	0.2058	0.74541	-0.0057394	0.94442	-0.32733	-0.030508	0.32773	0.94473	0.0090676	0.025854	-0.018562	0.99949
0.68046	0.20576	0.74541	-0.0057596	0.94473	-0.32655	-0.029137	0.32695	0.94498	0.010267	0.024181	-0.019225	0.99952
0.69046	0.20571	0.74541	-0.0057922	0.94514	-0.32551	-0.027368	0.32591	0.94533	0.011578	0.022103	-0.019862	0.99956
0.70047	0.20567	0.74541	-0.0058134	0.9455	-0.32459	-0.025817	0.32498	0.94564	0.012743	0.020277	-0.020438	0.99959
0.71048	0.20562	0.74541	-0.0058517	0.94591	-0.32352	-0.024059	0.3239	0.94599	0.013929	0.018253	-0.020969	0.99961
0.72048	0.20558	0.74541	-0.0058812	0.94632	-0.32245	-0.022335	0.32281	0.94634	0.015019	0.016294	-0.021423	0.99964
0.73049	0.20553	0.74541	-0.0059277	0.9468	-0.32118	-0.020294	0.32151	0.94677	0.016083	0.014048	-0.021752	0.99966
0.7405	0.20548	0.74541	-0.0059695	0.94734	-0.31973	-0.018046	0.32002	0.94725	0.017182	0.011601	-0.022052	0.99969
0.7505	0.20543	0.74541	-0.0060087	0.9479	-0.31819	-0.015717	0.31845	0.94776	0.018443	0.0090272	-0.022487	0.99971
0.76051	0.20538	0.74542	-0.0060337	0.94841	-0.31676	-0.013605	0.31698	0.94823	0.019433	0.0067449	-0.022742	0.99972
0.77052	0.20532	0.74542	-0.0060561	0.94899	-0.31511	-0.011222	0.31529	0.94877	0.020581	0.0041616	-0.023069	0.99973
0.78052	0.20527	0.74543	-0.0060541	0.94953	-0.31353	-0.009018	0.31366	0.94929	0.021719	0.0017512	-0.023451	0.99972
0.79053	0.20521	0.74544	-0.0060528	0.95014	-0.31176	-0.0065616	0.31182	0.94986	0.022861	-0.00089455	-0.023767	0.99972
0.80054	0.20516	0.74545	-0.0060363	0.95066	-0.31021	-0.0044831	0.31022	0.95036	0.023914	-0.0031578	-0.024125	0.9997
0.81054	0.2051	0.74547	-0.0060269	0.95113	-0.30879	-0.0025724	0.30876	0.95082	0.024852	-0.0052282	-0.024432	0.99969
0.82055	0.20505	0.74549	-0.0060005	0.95154	-0.30753	-0.00094603	0.30745	0.95122	0.025704	-0.0070049	-0.024749	0.99967
0.83056	0.205	0.74551	-0.0059932	0.95192	-0.30635	0.00062398	0.30623	0.95159	0.026336	-0.0086619	-0.024879	0.99965
0.84056	0.20495	0.74553	-0.0059861	0.95232	-0.30509	0.0022867	0.30492	0.952	0.026905	-0.010385	-0.024924	0.99964
0.85057	0.20489	0.74555	-0.0059725	0.95274	-0.30376	0.0040238	0.30355	0.95242	0.027593	-0.012214	-0.025067	0.99961
0.86058	0.20484	0.74557	-0.0059496	0.95322	-0.30221	0.0060398	0.30193	0.95291	0.028245	-0.014291	-0.0251	0.99958
0.87058	0.20478	0.74559	-0.0059257	0.95369	-0.3007	0.0079977	0.30036	0.95339	0.028873	-0.016307	-0.025134	0.99955
0.88059	0.20472	0.74562	-0.0058862	0.95414	-0.29921	0.0099014	0.29881	0.95385	0.029597	-0.0183	-0.025281	0.99951
0.8906	0.20467	0.74565	-0.0058408	0.95459	-0.29769	0.011833	0.29723	0.95433	0.030243	-0.020296	-0.025352	0.99947
0.9006	0.20462	0.74567	-0.0057905	0.95496	-0.29642	0.013417	0.29592	0.95472	0.030734	-0.02192	-0.02538	0.99944
0.91061	0.20456	0.7457	-0.0057433	0.95534	-0.29512	0.015081	0.29456	0.95512	0.031259	-0.02363	-0.025421	0.9994
0.92062	0.20451	0.74573	-0.0057	0.95566	-0.29399	0.016515	0.29339	0.95547	0.031603	-0.025071	-0.025357	0.99936
0.93062	0.20446	0.74576	-0.0056658	0.95596	-0.29295	0.017883	0.2923	0.9558	0.031872	-0.026429	-0.025241	0.99933
0.94063	0.20441	0.74579	-0.0056383	0.95629	-0.29178	0.019415	0.29109	0.95616	0.031895	-0.02787	-0.024849	0.9993
0.95064	0.20436	0.74582	-0.0056205	0.95661	-0.2906	0.021028	0.28987	0.95653	0.03198	-0.029408	-0.024497	0.99927
0.96064	0.20431	0.74585	-0.0055878	0.95694	-0.28942	0.022585	0.28865	0.9569	0.032123	-0.030909	-0.024221	0.99923
0.97065	0.20426	0.74589	-0.0055517	0.9573	-0.28806	0.024425	0.28724	0.95732	0.032073	-0.032622	-0.023688	0.99919
0.98066	0.2042	0.74592	-0.0054778	0.95772	-0.28646	0.026536	0.28559	0.95781	0.032316	-0.034673	-0.023371	0.99913
0.99066	0.20415	0.74597	-0.0053913	0.95815	-0.28484	0.028712	0.28391	0.9583	0.032491	-0.03677	-0.02298	0.99906
1.0007	0.20408	0.74601	-0.0052794	0.95865	-0.28285	0.031435	0.28185	0.9589	0.03273	-0.039401	-0.022516	0.99897
1.0107	0.20402	0.74607	-0.0051863	0.95914	-0.28086	0.034254	0.27979	0.9595	0.032822	-0.042085	-0.021897	0.99887
1.0207	0.20397	0.74612	-0.0050912	0.95957	-0.27903	0.036877	0.27791	0.96005	0.032813	-0.044559	-0.021238	0.99878
1.0307	0.20391	0.74617	-0.0050147	0.95999	-0.27724	0.03955	0.27606	0.96058	0.032697	-0.047056	-0.02047	0.99868
1.0407	0.20387	0.74621	-0.0049609	0.9603	-0.27586	0.041618	0.27467	0.961	0.032221	-0.048883	-0.01951	0.99861
1.0507	0.20382	0.74625	-0.0049196	0.96055	-0.27467	0.043498	0.27345	0.96136	0.031873	-0.050572	-0.018721	0.99854
1.0607	0.20378	0.74629	-0.0048926	0.96075	-0.27375	0.044939	0.27254	0.96163	0.031328	-0.051791	-0.01785	0.9985
1.0707	0.20374	0.74633	-0.004865	0.96096	-0.27272	0.046603	0.27151	0.96194	0.030836	-0.053239	-0.016979	0.99844
1.0807	0.2037	0.74636	-0.0048249	0.96115	-0.2718	0.048087	0.27059	0.96222	0.030242	-0.05449	-0.016056	0.99839
1.0907	0.20367	0.74639	-0.0047975	0.96129	-0.27111	0.049239	0.26991	0.96243	0.029771	-0.05546	-0.015328	0.99834
1.1007	0.20363	0.74642	-0.0047548	0.96144	-0.27036	0.050462	0.26917	0.96265	0.029231	-0.05648	-0.014521	0.9983
1.1107	0.2036	0.74646	-0.0046869	0.96162	-0.26937	0.052185	0.26817	0.96294	0.028885	-0.058032	-0.013782	0.99822
1.1208	0.20356	0.7465	-0.004624	0.96176	-0.26861	0.053506	0.26742	0.96316	0.028419	-0.059168	-0.013024	0.99816
1.1308	0.20353	0.74653	-0.0045741	0.96188	-0.26793	0.054735	0.26675	0.96336	0.028067	-0.060249	-0.012397	0.99811
1.1408	0.20349	0.74656	-0.0045055	0.96201	-0.2672	0.056096	0.26601	0.96357	0.027792	-0.061478	-0.011814	0.99804
1.1508	0.20346	0.74659	-0.004474	0.96209	-0.26671	0.056992	0.26554	0.96371	0.027312	-0.062208	-0.011143	0.998
1.1608	0.20343	0.74662	-0.0044316	0.96219	-0.26614	0.05803	0.26499	0.96388	0.026818	-0.063071	-0.010426	0.99795
1.1708	0.2034	0.74665	-0.0044075	0.96226	-0.26569	0.05889	0.26456	0.96401	0.026303	-0.063759	-0.0097304	0.99792
1.1808	0.20337	0.74667	-0.0043876	0.96233	-0.26526	0.059687	0.26416	0.96414	0.025706	-0.064365	-0.008971	0.99789
1.1908	0.20334	0.74669	-0.004386	0.96238	-0.26497	0.060203	0.2639	0.96422	0.025167	-0.064717	-0.0083323	0.99787
1.2008	0.20332	0.74671	-0.0043745	0.96242	-0.26469	0.060663	0.26366	0.9643	0.024596	-0.065008	-0.0076772	0.99786
1.2108	0.20329	0.74673	-0.0043735	0.96246	-0.26449	0.061031	0.26348	0.96436	0.024142	-0.065242	-0.0071556	0.99784
1.2208	0.20326	0.74676	-0.0043513	0.9625	-0.26422	0.061479	0.26324	0.96444	0.02363	-0.065536	-0.0065599	0.99783
1.2308	0.20323	0.74677	-0.0043369	0.96253	-0.26405	0.061757	0.2631	0.96449	0.023252	-0.065704	-0.0061328	0.99782
1.2408	0.20321	0.74679	-0.0043256	0.96257	-0.26382	0.062116	0.2629	0.96455	0.022728	-0.065911	-0.0055467	0.99781
1.2508	0.20318	0.74681	-0.0043386	0.96259	-0.26376	0.062055	0.26288	0.96458	0.022072	-0.065679	-0.0049333	0.99783
1.2608	0.20315	0.74683	-0.0043401	0.96263	-0.26352	0.06242	0.26268	0.96464	0.021492	-0.065877	-0.0042926	0.99782
1.2709	0.20313	0.74685	-0.0043464	0.96266	-0.26332	0.062817	0.2625	0.9647	0.021099	-0.066156	-0.0038222	0.9978
1.2809	0.2031	0.74686	-0.0043465	0.9627	-0.2631	0.063136	0.26232	0.96476	0.020462	-0.066295	-0.0031367	0.9978
1.2909	0.20308	0.74688	-0.0043632	0.96272	-0.26302	0.063111	0.26228	0.96479	0.019983	-0.066145	-0.0026855	0.99781
1.3009	0.20305	0.74689	-0.0043579	0.96276	-0.26286	0.063223	0.26216	0.96483	0.019354	-0.066087	-0.0020596	0.99781
1.3109	0.20303	0.74691	-0.0043443	0.96278	-0.26274	0.06333	0.26207	0.96486	0.01895	-0.066084	-0.0016483	0.99781
1.3209	0.20301	0.74692	-0.0043534	0.96281	-0.26274	0.06289	0.26211	0.96486	0.018275	-0.065482	-0.0011109	0.99785
1.3309	0.20299	0.74692	-0.0043827	0.96283	-0.26285	0.062163	0.26225	0.96484	0.017822	-0.064662	-0.00085727	0.99791
1.3409	0.20296	0.74693	-0.0044254	0.96287	-0.2629	0.061336	0.26235	0.96482	0.017019	-0.063653	-0.00029563	0.99797
1.3509	0.20294	0.74694	-0.0044805	0.9629	-0.26303	0.060298	0.26252	0.96479	0.016415	-0.062492	2.3403e-005	0.99805
1.3609	0.20291	0.74694	-0.0045439	0.96294	-0.26315	0.059144	0.26268	0.96475	0.015763	-0.061207	0.00035755	0.99813
1.3709	0.20289	0.74695	-0.0046061	0.96298	-0.26325	0.058075	0.26281	0.96473	0.015242	-0.060039	0.00058497	0.9982
1.3809	0.20286	0.74696	-0.0046522	0.96302	-0.26327	0.057256	0.26286	0.96472	0.014738	-0.059116	0.00085727	0.99825
1.3909	0.20284	0.74697	-0.00469	0.96305	-0.26334	0.056495	0.26294	0.9647	0.014538	-0.058329	0.00085399	0.9983
1.4009	0.20281	0.74697	-0.0047226	0.96309	-0.26335	0.055642	0.26298	0.9647	0.013983	-0.05736	0.0011655	0.99835
1.4109	0.20278	0.74698	-0.0047529	0.96313	-0.2634	0.054786	0.26304	0.96469	0.013714	-0.056464	0.0012032	0.9984
1.421	0.20275	0.74699	-0.0047561	0.96318	-0.26332	0.054351	0.26299	0.96471	0.013242	-0.055919	0.0015398	0.99843
1.431	0.20273	0.747	-0.0047707	0.96321	-0.26337	0.053513	0.26305	0.96469	0.012953	-0.055035	0.0016001	0.99848
1.441	0.2027	0.74701	-0.0048081	0.96328	-0.2634	0.052141	0.26312	0.96468	0.012333	-0.053548	0.0018392	0.99856
1.451	0.20267	0.74702	-0.004864	0.96333	-0.26348	0.050822	0.26321	0.96466	0.012098	-0.052214	0.0017225	0.99863
1.461	0.20265	0.74703	-0.0049363	0.96339	-0.26358	0.048956	0.26333	0.96464	0.011652	-0.050296	0.0016663	0.99873
1.471	0.20262	0.74703	-0.0050178	0.96345	-0.26366	0.047333	0.26342	0.96461	0.011445	-0.048676	0.0014418	0.99881
1.481	0.20259	0.74704	-0.0051115	0.96353	-0.26371	0.045428	0.26349	0.9646	0.010749	-0.046655	0.0016125	0.99891
1.491	0.20256	0.74705	-0.0052019	0.9636	-0.26378	0.043586	0.26358	0.96458	0.010419	-0.044791	0.0014487	0.999
1.501	0.20254	0.74706	-0.005293	0.96368	-0.26378	0.041841	0.26359	0.96458	0.0099555	-0.042985	0.001435	0.99907
1.511	0.20251	0.74707	-0.0053622	0.96373	-0.26381	0.040339	0.26364	0.96457	0.0096911	-0.041467	0.0012954	0.99914
1.521	0.20248	0.74708	-0.0054328	0.9638	-0.26383	0.038623	0.26367	0.96457	0.0092192	-0.039686	0.0012982	0.99921
1.531	0.20245	0.74709	-0.0055044	0.96386	-0.26382	0.037005	0.26367	0.96457	0.0089439	-0.038054	0.0011367	0.99928
1.541	0.20242	0.7471	-0.0055117	0.96388	-0.26385	0.036325	0.26369	0.96456	0.009288	-0.037489	0.00062599	0.9993
1.551	0.20239	0.74711	-0.0054997	0.96386	-0.26391	0.036293	0.26373	0.96455	0.0098566	-0.037608	7.1026e-005	0.99929
1.561	0.20236	0.74712	-0.005523	0.96389	-0.26397	0.035086	0.26379	0.96453	0.009649	-0.036389	-4.5176e-005	0.99934
1.5711	0.20233	0.74713	-0.0055591	0.96392	-0.26401	0.03398	0.26384	0.96452	0.009497	-0.035282	-0.00018906	0.99938
1.5811	0.2023	0.74714	-0.0056058	0.96396	-0.26406	0.032335	0.2639	0.96451	0.0091013	-0.033591	-0.00023991	0.99944
1.5911	0.20228	0.74715	-0.0056455	0.96399	-0.26408	0.031264	0.26393	0.9645	0.0088066	-0.03248	-0.0002379	0.99947
1.6011	0.20225	0.74716	-0.0056741	0.96403	-0.2641	0.029956	0.26397	0.96449	0.0082837	-0.03108	-7.8095e-005	0.99952
1.6111	0.20222	0.74717	-0.0057124	0.96405	-0.26417	0.028669	0.26404	0.96448	0.0082086	-0.029819	-0.0003438	0.99956
1.6211	0.20219	0.74718	-0.0057567	0.96409	-0.26419	0.027177	0.26408	0.96447	0.0076193	-0.028224	-0.00016873	0.9996
1.6311	0.20216	0.74719	-0.005789	0.96411	-0.26422	0.026014	0.26412	0.96446	0.0073967	-0.027044	-0.00026047	0.99963
1.6411	0.20213	0.7472	-0.0058059	0.96413	-0.26423	0.025331	0.26414	0.96446	0.0070313	-0.026288	-8.8198e-005	0.99965
1.6511	0.2021	0.74721	-0.005841	0.96415	-0.26429	0.023863	0.2642	0.96444	0.0067868	-0.024808	-0.00023875	0.99969
1.6611	0.20207	0.74723	-0.0058704	0.96417	-0.26433	0.022491	0.26426	0.96443	0.0063624	-0.023373	-0.0001911	0.99973
1.6711	0.20204	0.74724	-0.00591	0.96418	-0.26439	0.02131	0.26431	0.96442	0.0061651	-0.022182	-0.00031172	0.99975
1.6811	0.20201	0.74725	-0.0059422	0.9642	-0.26443	0.019792	0.26437	0.9644	0.0056247	-0.020575	-0.00019079	0.99979
1.6911	0.20198	0.74726	-0.0059803	0.96421	-0.26449	0.018321	0.26444	0.96439	0.005327	-0.019078	-0.00029164	0.99982
1.7011	0.20196	0.74727	-0.0060098	0.96423	-0.26454	0.016735	0.26449	0.96438	0.0048378	-0.017418	-0.00023853	0.99985
1.7111	0.20193	0.74728	-0.006048	0.96424	-0.26459	0.015374	0.26456	0.96436	0.0045206	-0.016022	-0.00029163	0.99987
1.7212	0.20189	0.74729	-0.0060795	0.96425	-0.26465	0.013654	0.26462	0.96435	0.0039403	-0.01421	-0.00018636	0.9999
1.7312	0.20186	0.7473	-0.0061121	0.96425	-0.26469	0.012486	0.26466	0.96433	0.0037572	-0.013036	-0.00031821	0.99991
1.7412	0.20183	0.74732	-0.0061415	0.96426	-0.26474	0.011201	0.26472	0.96432	0.0033022	-0.011676	-0.00021901	0.99993
1.7512	0.2018	0.74733	-0.0061745	0.96425	-0.26479	0.010025	0.26477	0.96431	0.0030171	-0.010466	-0.0002549	0.99995
1.7612	0.20177	0.74734	-0.0061943	0.96425	-0.26485	0.0087927	0.26483	0.96429	0.0026824	-0.0091892	-0.00025792	0.99996
1.7712	0.20174	0.74735	-0.0062205	0.96425	-0.26489	0.0078548	0.26487	0.96428	0.0024685	-0.008228	-0.00029967	0.99997
1.7812	0.20171	0.74736	-0.0062302	0.96424	-0.26496	0.0062895	0.26495	0.96426	0.0019163	-0.0065725	-0.00018136	0.99998
1.7912	0.20168	0.74738	-0.0062456	0.96424	-0.26499	0.0053175	0.26499	0.96425	0.0017617	-0.0055942	-0.00028965	0.99998
1.8012	0.20165	0.74739	-0.0062561	0.96422	-0.26507	0.0038261	0.26507	0.96423	0.0012606	-0.0040234	-0.00020126	0.99999
1.8112	0.20162	0.7474	-0.0062719	0.96421	-0.26513	0.002472	0.26513	0.96421	0.0010026	-0.0026493	-0.0003113	1
1.8212	0.20159	0.74741	-0.0062853	0.96419	-0.26519	0.0010751	0.26519	0.9642	0.00054674	-0.0011816	-0.00024206	1
1.8312	0.20156	0.74742	-0.0063001	0.96417	-0.26528	-0.00039103	0.26528	0.96417	0.00022791	0.00031656	-0.00032347	1
1.8412	0.20152	0.74744	-0.0063077	0.96416	-0.26533	-0.001767	0.26533	0.96416	-0.00024158	0.0017678	-0.00023592	1
1.8512	0.20149	0.74745	-0.0063224	0.96414	-0.26539	-0.0028562	0.26539	0.96414	-0.0004728	0.0028793	-0.00030218	1
1.8612	0.20146	0.74746	-0.0063208	0.96412	-0.26544	-0.0042593	0.26544	0.96413	-0.00097497	0.0043653	-0.00019059	0.99999
1.8713	0.20143	0.74747	-0.0063259	0.96409	-0.26552	-0.0053477	0.26552	0.96411	-0.0011002	0.0054479	-0.00035924	0.99999
1.8813	0.2014	0.74749	-0.0063153	0.96405	-0.26561	-0.0070727	0.2656	0.96408	-0.0017352	0.0072796	-0.00020572	0.99997
1.8913	0.20136	0.7475	-0.0063071	0.96402	-0.26569	-0.0084976	0.26568	0.96406	-0.0019097	0.0086996	-0.00041662	0.99996
1.9013	0.20133	0.74751	-0.0062902	0.96398	-0.26578	-0.010055	0.26576	0.96403	-0.0024176	0.010336	-0.0003416	0.99995
1.9113	0.2013	0.74753	-0.0062784	0.96395	-0.26585	-0.011432	0.26583	0.96401	-0.0027572	0.011753	-0.00038106	0.99993
1.9213	0.20126	0.74754	-0.0062531	0.9639	-0.26594	-0.012989	0.26592	0.96399	-0.0033614	0.013415	-0.00021386	0.99991
1.9313	0.20123	0.74755	-0.0062465	0.96387	-0.26599	-0.014139	0.26597	0.96398	-0.0034777	0.014555	-0.00040852	0.99989
1.9413	0.2012	0.74756	-0.0062296	0.96382	-0.26609	-0.015565	0.26606	0.96395	-0.0039489	0.016055	-0.00033535	0.99987
1.9513	0.20116	0.74758	-0.0062061	0.96378	-0.26616	-0.016924	0.26613	0.96393	-0.0042543	0.017446	-0.00040387	0.99985
1.9613	0.20113	0.74759	-0.0061783	0.96374	-0.26623	-0.018013	0.26619	0.96391	-0.0046479	0.018601	-0.00031551	0.99983
1.9713	0.2011	0.74761	-0.0061423	0.96369	-0.26632	-0.019569	0.26627	0.96388	-0.0050868	0.020217	-0.00030848	0.9998
1.9813	0.20106	0.74762	-0.0060998	0.96364	-0.26638	-0.020867	0.26633	0.96387	-0.0055742	0.021598	-0.00018578	0.99977
1.9913	0.20103	0.74763	-0.0060729	0.9636	-0.26645	-0.022058	0.26638	0.96385	-0.0057512	0.022793	-0.00033409	0.99974
2.0013	0.20099	0.74765	-0.0060325	0.96353	-0.26655	-0.023485	0.26648	0.96382	-0.0062733	0.024308	-0.00021374	0.9997
2.0113	0.20096	0.74766	-0.0060051	0.96349	-0.26659	-0.024625	0.26652	0.96381	-0.0063878	0.025437	-0.00040854	0.99968
2.0214	0.20092	0.74767	-0.0059749	0.96345	-0.26667	-0.025659	0.26658	0.96379	-0.0067986	0.026542	-0.00029011	0.99965
2.0314	0.20089	0.74768	-0.0059507	0.96341	-0.26672	-0.026522	0.26663	0.96378	-0.0069495	0.027415	-0.0003763	0.99962
2.0414	0.20085	0.7477	-0.0059199	0.96337	-0.26678	-0.027408	0.26668	0.96376	-0.0072679	0.028354	-0.00030755	0.9996
2.0514	0.20082	0.74771	-0.0058953	0.96333	-0.26682	-0.028278	0.26672	0.96375	-0.0073275	0.029207	-0.00048344	0.99957
2.0614	0.20078	0.74772	-0.0058793	0.96331	-0.26686	-0.028566	0.26675	0.96374	-0.0075038	0.029533	-0.00039152	0.99956
2.0714	0.20074	0.74774	-0.005849	0.96325	-0.26695	-0.029706	0.26683	0.96371	-0.0077317	0.030692	-0.00047894	0.99953
2.0814	0.20071	0.74775	-0.0058209	0.96322	-0.26698	-0.030343	0.26686	0.9637	-0.0078938	0.031349	-0.00049387	0.99951
2.0914	0.20067	0.74776	-0.0058017	0.9632	-0.26703	-0.030786	0.26691	0.96369	-0.0078896	0.031775	-0.00061791	0.99949
2.1014	0.20064	0.74777	-0.0057797	0.96317	-0.26706	-0.031291	0.26695	0.96368	-0.0079791	0.032286	-0.00066788	0.99948
2.1114	0.2006	0.74778	-0.0057866	0.96317	-0.26708	-0.031167	0.26698	0.96367	-0.0076501	0.032078	-0.00095248	0.99948
2.1214	0.20056	0.74779	-0.0057904	0.96319	-0.26708	-0.030728	0.26698	0.96367	-0.0073899	0.031585	-0.0010857	0.9995
2.1314	0.20053	0.7478	-0.0058369	0.96325	-0.267	-0.02922	0.26693	0.96369	-0.006479	0.029889	-0.0015589	0.99955
2.1414	0.20049	0.74781	-0.0058843	0.96334	-0.26691	-0.02722	0.26686	0.96372	-0.005608	0.02773	-0.0018616	0.99961
2.1514	0.20045	0.74782	-0.0059351	0.9634	-0.26686	-0.025322	0.26683	0.96373	-0.0046175	0.025636	-0.0023083	0.99967
2.1614	0.20041	0.74784	-0.0059869	0.96348	-0.26676	-0.023245	0.26674	0.96376	-0.0038507	0.02343	-0.0024903	0.99972
2.1715	0.20038	0.74785	-0.0060444	0.96355	-0.26668	-0.02134	0.26668	0.96378	-0.0030322	0.021375	-0.0027691	0.99977
2.1815	0.20034	0.74786	-0.0060838	0.9636	-0.26662	-0.019754	0.26662	0.9638	-0.0024617	0.019695	-0.0028947	0.9998
2.1915	0.20031	0.74787	-0.0061281	0.96364	-0.26657	-0.01849	0.26658	0.96381	-0.0017797	0.018296	-0.0032142	0.99983
2.2015	0.20028	0.74788	-0.0061617	0.96367	-0.26653	-0.017423	0.26655	0.96382	-0.0013422	0.01715	-0.0033506	0.99985
2.2115	0.20025	0.74789	-0.0062052	0.96371	-0.26647	-0.016316	0.26649	0.96384	-0.00073403	0.015922	-0.0036408	0.99987
2.2215	0.20021	0.7479	-0.0062311	0.96374	-0.2664	-0.015124	0.26643	0.96385	-0.00016601	0.014621	-0.0038694	0.99989
2.2315	0.20018	0.74791	-0.0062543	0.96377	-0.26635	-0.014141	0.26638	0.96387	0.00057246	0.013478	-0.0043188	0.9999
2.2415	0.20015	0.74792	-0.0062616	0.96382	-0.26623	-0.012905	0.26627	0.9639	0.0012592	0.012103	-0.0046498	0.99992
2.2515	0.20012	0.74793	-0.0062969	0.96391	-0.266	-0.011078	0.26603	0.96396	0.0021242	0.010114	-0.0049947	0.99994
2.2615	0.20009	0.74794	-0.0063144	0.96394	-0.26594	-0.010139	0.26598	0.96397	0.002814	0.0090251	-0.0054092	0.99994
2.2715	0.20005	0.74795	-0.0063445	0.96399	-0.2658	-0.0090566	0.26584	0.96401	0.0033938	0.0078286	-0.0056791	0.99995
2.2815	0.20002	0.74796	-0.006363	0.96402	-0.26569	-0.0081355	0.26573	0.96404	0.0039054	0.0068053	-0.0059268	0.99996
2.2915	0.19999	0.74798	-0.0063738	0.96403	-0.26569	-0.0076204	0.26573	0.96404	0.0045847	0.0061283	-0.0064447	0.99996
2.3015	0.19996	0.74799	-0.0063712	0.96403	-0.2657	-0.0072536	0.26574	0.96403	0.0050486	0.0056513	-0.0067945	0.99996
2.3116	0.19993	0.748	-0.0063714	0.964	-0.26579	-0.0072133	0.26584	0.964	0.0055777	0.0054711	-0.0072944	0.99996
2.3216	0.19991	0.74801	-0.0063685	0.96398	-0.26588	-0.0071342	0.26592	0.96398	0.0060308	0.0052737	-0.0077107	0.99996
2.3316	0.19988	0.74803	-0.0063754	0.96398	-0.2659	-0.0068826	0.26594	0.96397	0.0066106	0.0048768	-0.0082029	0.99995
2.3416	0.19984	0.74804	-0.0063757	0.96397	-0.26593	-0.0066937	0.26598	0.96395	0.0071486	0.0045513	-0.0086714	0.99995
2.3516	0.19981	0.74805	-0.0063854	0.96395	-0.266	-0.0065692	0.26605	0.96393	0.0078489	0.0042444	-0.0093137	0.99995
2.3616	0.19978	0.74807	-0.0063846	0.96395	-0.26602	-0.006393	0.26607	0.96392	0.0083482	0.0039415	-0.0097482	0.99994
2.3716	0.19975	0.74808	-0.0063885	0.96397	-0.26593	-0.0059282	0.26598	0.96394	0.0091383	0.0032842	-0.010386	0.99994
2.3816	0.19972	0.74809	-0.0063763	0.96397	-0.26596	-0.0057686	0.26601	0.96392	0.0098039	0.002953	-0.010985	0.99994
2.3916	0.19969	0.7481	-0.0063691	0.96399	-0.26587	-0.0053926	0.26592	0.96394	0.010612	0.0023767	-0.011664	0.99993
2.4016	0.19966	0.74812	-0.0063515	0.96404	-0.26572	-0.0048912	0.26576	0.96397	0.011516	0.0016548	-0.012402	0.99992
2.4116	0.19963	0.74813	-0.0063333	0.96408	-0.26558	-0.0044278	0.26562	0.964	0.01249	0.00095137	-0.013217	0.99991
2.4216	0.1996	0.74815	-0.0063	0.9641	-0.2655	-0.0041615	0.26554	0.96401	0.013366	0.00046311	-0.013991	0.9999
2.4316	0.19956	0.74816	-0.0062782	0.96414	-0.26536	-0.0037533	0.26539	0.96404	0.014339	-0.00018663	-0.014821	0.99989
2.4416	0.19953	0.74818	-0.0062571	0.96415	-0.26532	-0.00358	0.26534	0.96404	0.015092	-0.00055288	-0.015501	0.99988
2.4516	0.1995	0.74819	-0.0062564	0.96426	-0.26495	-0.002789	0.26496	0.96413	0.015981	-0.0015453	-0.016149	0.99987
2.4617	0.19946	0.74821	-0.0062495	0.96439	-0.26447	-0.0018545	0.26447	0.96425	0.016917	-0.0026858	-0.016805	0.99986
2.4717	0.19942	0.74822	-0.0062464	0.96453	-0.26396	-0.00087415	0.26393	0.96438	0.017823	-0.0038616	-0.017422	0.99984
2.4817	0.19938	0.74824	-0.0062391	0.96471	-0.26333	0.00024437	0.26328	0.96454	0.018636	-0.0051431	-0.017914	0.99983
2.4917	0.19934	0.74825	-0.0062259	0.965	-0.26223	0.0021094	0.26213	0.96483	0.019726	-0.0072078	-0.018483	0.9998
2.5017	0.1993	0.74827	-0.0061926	0.96526	-0.26127	0.0036654	0.26114	0.96508	0.020777	-0.0089656	-0.019098	0.99978
2.5117	0.19925	0.74829	-0.006156	0.96556	-0.26013	0.0054489	0.25996	0.96537	0.021904	-0.010958	-0.019733	0.99975
2.5217	0.19921	0.74831	-0.0061076	0.96584	-0.25903	0.0071108	0.25882	0.96566	0.022875	-0.012792	-0.020253	0.99971
2.5317	0.19916	0.74833	-0.006061	0.96615	-0.25782	0.0089333	0.25755	0.96597	0.023869	-0.014783	-0.020761	0.99968
2.5417	0.19912	0.74836	-0.0060187	0.96646	-0.25661	0.010706	0.25629	0.96629	0.024619	-0.016663	-0.021049	0.99964
2.5517	0.19907	0.74838	-0.0059958	0.96676	-0.25537	0.012527	0.25501	0.96661	0.025176	-0.018538	-0.021145	0.9996
2.5617	0.19902	0.74841	-0.0059539	0.96716	-0.25374	0.014891	0.25331	0.96704	0.025856	-0.020961	-0.021234	0.99955
2.5717	0.19897	0.74844	-0.005935	0.96746	-0.25245	0.016783	0.25197	0.96738	0.026246	-0.022862	-0.021163	0.99951
2.5817	0.19892	0.74848	-0.0059022	0.96782	-0.25091	0.018979	0.25038	0.96778	0.026572	-0.025034	-0.020965	0.99947
2.5917	0.19887	0.74851	-0.0058666	0.96821	-0.24921	0.021461	0.24862	0.96822	0.027014	-0.027512	-0.02082	0.9994
2.6017	0.19882	0.74855	-0.0058208	0.96856	-0.24764	0.023714	0.24699	0.96863	0.027372	-0.029749	-0.020655	0.99934
2.6118	0.19877	0.74858	-0.0057695	0.96889	-0.24614	0.025901	0.24543	0.96902	0.027753	-0.031929	-0.020533	0.99928
2.6218	0.19873	0.74862	-0.0057097	0.9692	-0.24467	0.028019	0.24391	0.96939	0.028067	-0.034028	-0.020369	0.99921
2.6318	0.19868	0.74866	-0.0056548	0.96948	-0.24332	0.029991	0.2425	0.96974	0.028322	-0.035975	-0.020185	0.99915
2.6418	0.19864	0.7487	-0.0055753	0.96978	-0.24184	0.032126	0.24098	0.97011	0.028643	-0.038093	-0.020036	0.99907
2.6518	0.19859	0.74873	-0.0055161	0.97002	-0.24066	0.033875	0.23975	0.97041	0.028836	-0.039812	-0.01985	0.99901
2.6618	0.19855	0.74877	-0.0054458	0.97027	-0.23935	0.035808	0.23839	0.97074	0.028956	-0.041691	-0.019559	0.99894
2.6718	0.19851	0.74881	-0.0053906	0.97048	-0.23825	0.037475	0.23726	0.97101	0.029174	-0.043339	-0.019422	0.99887
2.6818	0.19847	0.74885	-0.0053364	0.97066	-0.23727	0.038961	0.23624	0.97125	0.029226	-0.044775	-0.019164	0.99881
2.6918	0.19843	0.74889	-0.0052801	0.97086	-0.23616	0.040672	0.23509	0.97153	0.029319	-0.046438	-0.018903	0.99874
2.7018	0.19839	0.74892	-0.005226	0.97102	-0.23528	0.042036	0.23419	0.97175	0.029427	-0.047772	-0.01873	0.99868
2.7118	0.19836	0.74895	-0.0051838	0.97113	-0.23463	0.043039	0.23352	0.97191	0.029456	-0.048741	-0.018556	0.99864
2.7218	0.19832	0.74898	-0.0051284	0.97128	-0.23378	0.044372	0.23263	0.97212	0.029458	-0.050021	-0.018289	0.99858
2.7318	0.19829	0.74901	-0.005085	0.97137	-0.23319	0.045304	0.23203	0.97226	0.029471	-0.050919	-0.018116	0.99854
2.7418	0.19825	0.74904	-0.0050458	0.97148	-0.23258	0.046249	0.23141	0.97241	0.029339	-0.051797	-0.0178	0.9985
2.7518	0.19822	0.74907	-0.005009	0.97157	-0.232	0.04719	0.23081	0.97256	0.029325	-0.052699	-0.017599	0.99846
2.7619	0.19819	0.7491	-0.0049649	0.97165	-0.23151	0.047958	0.23032	0.97268	0.029236	-0.053416	-0.017362	0.99842
2.7719	0.19816	0.74913	-0.0049503	0.97171	-0.23111	0.048641	0.2299	0.97278	0.02909	-0.05404	-0.017084	0.99839
2.7819	0.19812	0.74915	-0.0049124	0.9718	-0.23053	0.049551	0.22932	0.97292	0.028898	-0.054871	-0.01672	0.99835
2.7919	0.19809	0.74918	-0.0048818	0.97188	-0.23001	0.050427	0.2288	0.97305	0.028785	-0.055689	-0.016438	0.99831
2.8019	0.19806	0.74921	-0.0048406	0.97198	-0.22937	0.051477	0.22815	0.97321	0.028632	-0.056665	-0.016085	0.99826
2.8119	0.19803	0.74924	-0.0048063	0.97206	-0.22883	0.05238	0.2276	0.97334	0.028423	-0.057488	-0.015707	0.99822
2.8219	0.19799	0.74927	-0.004759	0.97216	-0.22814	0.053549	0.2269	0.97351	0.028221	-0.058569	-0.015284	0.99817
2.8319	0.19796	0.74931	-0.0047181	0.97226	-0.22741	0.054798	0.22617	0.97369	0.028005	-0.059725	-0.014834	0.9981
2.8419	0.19793	0.74934	-0.0046628	0.97236	-0.22663	0.056109	0.22539	0.97388	0.02762	-0.060903	-0.01421	0.99804
2.8519	0.19789	0.74938	-0.0046105	0.97246	-0.22589	0.057419	0.22464	0.97406	0.027385	-0.062115	-0.013732	0.99797
2.8619	0.19786	0.74941	-0.004551	0.97255	-0.22517	0.058645	0.22393	0.97423	0.02693	-0.063198	-0.013058	0.99792
2.8719	0.19783	0.74945	-0.0044846	0.97264	-0.22445	0.059917	0.22322	0.9744	0.026644	-0.064364	-0.012541	0.99785
2.8819	0.1978	0.74948	-0.0044131	0.97274	-0.22368	0.061248	0.22247	0.97459	0.026081	-0.065526	-0.011745	0.99778
2.8919	0.19777	0.74951	-0.0043669	0.9728	-0.22315	0.062198	0.22195	0.97472	0.025612	-0.066341	-0.01111	0.99774
2.9019	0.19774	0.74955	-0.0043058	0.97289	-0.22233	0.06366	0.22117	0.97492	0.024879	-0.067594	-0.010125	0.99766
2.912	0.19771	0.74958	-0.0042638	0.97296	-0.22167	0.064902	0.22054	0.97508	0.024288	-0.068668	-0.0093184	0.9976
2.922	0.19768	0.74961	-0.0042602	0.97301	-0.22126	0.06558	0.22018	0.97518	0.023464	-0.069144	-0.0083919	0.99757
2.932	0.19765	0.74963	-0.0042821	0.97305	-0.2209	0.066182	0.21986	0.97527	0.022638	-0.069546	-0.0074773	0.99755
2.942	0.19763	0.74966	-0.0042814	0.9731	-0.22045	0.066913	0.21947	0.97538	0.021719	-0.070054	-0.0064486	0.99752
2.952	0.1976	0.74968	-0.004282	0.97314	-0.22006	0.067624	0.21912	0.97547	0.021076	-0.070603	-0.0056916	0.99749
2.962	0.19757	0.74971	-0.0042645	0.97318	-0.21964	0.068452	0.21874	0.97557	0.02046	-0.071273	-0.0049381	0.99744
2.972	0.19755	0.74973	-0.0042538	0.97321	-0.2193	0.069066	0.21844	0.97565	0.01992	-0.071752	-0.0042996	0.99741
2.982	0.19753	0.74975	-0.004215	0.97324	-0.2189	0.069907	0.21807	0.97574	0.019383	-0.072454	-0.0036199	0.99737
2.992	0.1975	0.74978	-0.0042005	0.97327	-0.21863	0.07038	0.21783	0.9758	0.018858	-0.0728	-0.0030229	0.99734
3.002	0.19748	0.7498	-0.0041774	0.9733	-0.21836	0.070786	0.21762	0.97586	0.018218	-0.073056	-0.0023271	0.99733
3.012	0.19746	0.74981	-0.0041687	0.97332	-0.21817	0.071096	0.21745	0.97591	0.017776	-0.073261	-0.001842	0.99731
3.022	0.19743	0.74983	-0.0041612	0.97335	-0.21796	0.071346	0.21729	0.97596	0.017154	-0.073369	-0.0011939	0.9973
3.032	0.19741	0.74985	-0.0041774	0.97337	-0.21789	0.071202	0.21726	0.97597	0.016596	-0.073107	-0.00068541	0.99732
3.042	0.19739	0.74987	-0.0041985	0.97341	-0.21776	0.071079	0.21718	0.976	0.015825	-0.072819	3.2802e-005	0.99735
3.052	0.19736	0.74987	-0.0042502	0.97345	-0.21783	0.07028	0.2173	0.97599	0.015259	-0.071916	0.00041783	0.99741
3.0621	0.19734	0.74989	-0.0042714	0.97349	-0.21774	0.069998	0.21725	0.97601	0.014635	-0.071506	0.00095951	0.99744
3.0721	0.19732	0.7499	-0.0042832	0.97352	-0.21769	0.069756	0.21722	0.97602	0.01429	-0.071194	0.0012404	0.99746
3.0821	0.1973	0.74991	-0.0043188	0.97358	-0.21772	0.068841	0.2173	0.97601	0.013664	-0.070164	0.0016564	0.99753
3.0921	0.19727	0.74992	-0.0043597	0.97364	-0.21777	0.067873	0.21738	0.976	0.013205	-0.069119	0.0018969	0.99761
3.1021	0.19725	0.74994	-0.0043982	0.9737	-0.21776	0.066932	0.21741	0.976	0.012538	-0.068056	0.002344	0.99768
3.1121	0.19723	0.74994	-0.0044744	0.97379	-0.21786	0.065382	0.21755	0.97598	0.012048	-0.066437	0.0024912	0.99779
3.1221	0.1972	0.74996	-0.0045304	0.97386	-0.21786	0.064252	0.21758	0.97598	0.011535	-0.065221	0.0027463	0.99787
3.1321	0.19718	0.74996	-0.0046163	0.97396	-0.21793	0.062544	0.21767	0.97596	0.011004	-0.063438	0.0028963	0.99798
3.1421	0.19715	0.74998	-0.0047167	0.97408	-0.21796	0.060554	0.21774	0.97595	0.010349	-0.061354	0.0031039	0.99811
3.1521	0.19712	0.74999	-0.0048018	0.97418	-0.21794	0.058918	0.21774	0.97596	0.0099007	-0.059659	0.0031836	0.99821
3.1621	0.1971	0.75	-0.0048873	0.9743	-0.21793	0.057037	0.21775	0.97596	0.009395	-0.057713	0.0032662	0.99833
3.1721	0.19707	0.75001	-0.004974	0.97441	-0.21789	0.055281	0.21772	0.97597	0.0090956	-0.055934	0.0031729	0.99843
3.1821	0.19705	0.75002	-0.004982	0.97447	-0.21798	0.053785	0.21777	0.97595	0.0098648	-0.054642	0.0020997	0.9985
3.1921	0.19703	0.75003	-0.004841	0.97433	-0.21814	0.055717	0.21781	0.97592	0.01198	-0.056988	0.00046356	0.99837
3.2021	0.19701	0.75004	-0.0048282	0.97434	-0.21825	0.054953	0.21791	0.97589	0.012215	-0.056294	7.2906e-005	0.99841
3.2122	0.19698	0.75005	-0.0049199	0.97446	-0.21834	0.052541	0.21801	0.97587	0.012096	-0.053914	-0.00033263	0.99855
3.2222	0.19696	0.75006	-0.0050426	0.97461	-0.21837	0.049518	0.21807	0.97587	0.011434	-0.05082	-0.0003453	0.99871
3.2322	0.19693	0.75007	-0.0051764	0.97475	-0.2184	0.046591	0.21813	0.97586	0.010879	-0.047842	-0.00044143	0.99885
3.2422	0.1969	0.75008	-0.0052891	0.97487	-0.21842	0.043773	0.21818	0.97586	0.010143	-0.044931	-0.00033791	0.99899
3.2522	0.19687	0.75009	-0.0053853	0.97497	-0.21844	0.041434	0.21823	0.97585	0.0096467	-0.042541	-0.00036311	0.99909
3.2622	0.19685	0.7501	-0.0054717	0.97506	-0.21847	0.039109	0.21828	0.97584	0.0090461	-0.04014	-0.00028382	0.99919
3.2722	0.19682	0.75011	-0.0055517	0.97513	-0.21851	0.036992	0.21834	0.97584	0.0086067	-0.037979	-0.00031594	0.99928
3.2822	0.19679	0.75012	-0.005605	0.9752	-0.21852	0.035069	0.21837	0.97583	0.0079837	-0.035966	-0.00012772	0.99935
3.2922	0.19676	0.75013	-0.0056579	0.97525	-0.21856	0.033398	0.21842	0.97582	0.0077335	-0.03428	-0.00024738	0.99941
3.3022	0.19673	0.75015	-0.0057057	0.9753	-0.21858	0.031723	0.21846	0.97582	0.0072103	-0.032532	-0.00010201	0.99947
3.3122	0.19671	0.75016	-0.0057646	0.97535	-0.21863	0.029975	0.21851	0.97581	0.0069994	-0.03078	-0.00027698	0.99953
3.3222	0.19668	0.75017	-0.0058036	0.97539	-0.21865	0.028373	0.21856	0.9758	0.0065132	-0.029111	-0.00015177	0.99958
3.3322	0.19665	0.75018	-0.005846	0.97543	-0.2187	0.026757	0.21861	0.97579	0.0062276	-0.027471	-0.00022531	0.99962
3.3422	0.19662	0.75019	-0.0058828	0.97547	-0.21871	0.025135	0.21864	0.97579	0.0057793	-0.02579	-0.00014204	0.99967
3.3522	0.1966	0.7502	-0.0059134	0.97549	-0.21875	0.023912	0.21868	0.97578	0.0055528	-0.024548	-0.00018768	0.9997
3.3623	0.19657	0.75021	-0.0059375	0.97552	-0.21878	0.022337	0.21872	0.97577	0.0051283	-0.022918	-0.00011717	0.99974
3.3723	0.19654	0.75022	-0.0059717	0.97554	-0.21882	0.020994	0.21877	0.97576	0.0049285	-0.021563	-0.00021524	0.99977
3.3823	0.19651	0.75023	-0.0059932	0.97556	-0.21884	0.019598	0.2188	0.97576	0.0044926	-0.020107	-9.4734e-005	0.9998
3.3923	0.19648	0.75024	-0.0060201	0.97558	-0.21889	0.018148	0.21885	0.97575	0.0042565	-0.018639	-0.00018088	0.99983
3.4023	0.19645	0.75026	-0.0060425	0.9756	-0.21892	0.01666	0.21889	0.97574	0.0038925	-0.017108	-0.00015092	0.99985
3.4123	0.19642	0.75027	-0.0060724	0.97561	-0.21895	0.015502	0.21892	0.97574	0.0036288	-0.01592	-0.00014658	0.99987
3.4223	0.1964	0.75028	-0.0060952	0.97563	-0.21899	0.014095	0.21896	0.97573	0.0032612	-0.014467	-9.5463e-005	0.9999
3.4323	0.19637	0.75029	-0.006126	0.97564	-0.21903	0.012597	0.21901	0.97572	0.0030257	-0.012954	-0.00019305	0.99992
3.4423	0.19634	0.7503	-0.0061411	0.97565	-0.21905	0.011473	0.21904	0.97571	0.0026629	-0.011777	-8.512e-005	0.99993
3.4523	0.19631	0.75031	-0.006163	0.97565	-0.21909	0.010305	0.21908	0.9757	0.0024651	-0.010595	-0.00014746	0.99994
3.4623	0.19628	0.75032	-0.0061715	0.97566	-0.21913	0.0088451	0.21912	0.9757	0.0021449	-0.0091002	-0.00015456	0.99996
3.4723	0.19625	0.75033	-0.0061859	0.97566	-0.21917	0.0074254	0.21916	0.97569	0.0018417	-0.0076485	-0.00016948	0.99997
3.4823	0.19623	0.75034	-0.0061839	0.97566	-0.2192	0.0062245	0.21919	0.97568	0.0014795	-0.0063974	-7.9139e-005	0.99998
3.4923	0.1962	0.75035	-0.0061985	0.97566	-0.21925	0.0049531	0.21925	0.97567	0.0012932	-0.0051161	-0.00017571	0.99999
3.5023	0.19617	0.75036	-0.0062006	0.97566	-0.21929	0.0033116	0.21928	0.97566	0.00089113	-0.0034264	-0.00014326	0.99999
