0	0.20794	0.7451	-0.0035914	0.95405	-0.29906	-0.018966	0.28909	0.90191	0.3209	-0.078863	-0.31164	0.94692
0.010007	0.20814	0.74462	-0.0057515	0.94954	-0.29918	-0.094121	0.31337	0.89269	0.3239	-0.012883	-0.33705	0.9414
0.020013	0.20812	0.74463	-0.0060692	0.9476	-0.29612	-0.11985	0.31934	0.88821	0.33031	0.0086457	-0.35128	0.93623
0.03002	0.20808	0.74463	-0.006124	0.94854	-0.29454	-0.11627	0.31665	0.88275	0.34711	0.00039693	-0.36607	0.93059
0.040027	0.20805	0.74465	-0.0061321	0.9483	-0.29295	-0.12212	0.31738	0.87753	0.35946	0.0018642	-0.37963	0.92514
0.050034	0.20803	0.74467	-0.0061491	0.94802	-0.29154	-0.12751	0.31818	0.87336	0.36879	0.0038479	-0.39019	0.92072
0.06004	0.208	0.74469	-0.006159	0.94782	-0.29038	-0.13157	0.31875	0.86999	0.37618	0.0052237	-0.39849	0.91716
0.070047	0.20797	0.74471	-0.006171	0.9477	-0.28946	-0.13443	0.3191	0.86734	0.38197	0.0060333	-0.40489	0.91434
0.080054	0.20794	0.74473	-0.0061629	0.94752	-0.28878	-0.13712	0.3196	0.86542	0.38587	0.0072304	-0.40945	0.91231
0.09006	0.20792	0.74475	-0.0061472	0.94728	-0.28836	-0.13971	0.32029	0.86424	0.38795	0.0088715	-0.41224	0.91103
0.10007	0.20789	0.74477	-0.0061012	0.94697	-0.2881	-0.14229	0.32114	0.86364	0.38859	0.010939	-0.41368	0.91036
0.11007	0.20786	0.74479	-0.0060526	0.94662	-0.28805	-0.14472	0.32209	0.8636	0.38789	0.013246	-0.41379	0.91027
0.12008	0.20784	0.74481	-0.0059935	0.94623	-0.28817	-0.14697	0.3231	0.86406	0.38601	0.015753	-0.41274	0.91071
0.13009	0.20781	0.74484	-0.0059309	0.94579	-0.28849	-0.14921	0.32426	0.86502	0.38288	0.018613	-0.41051	0.91167
0.14009	0.20778	0.74487	-0.0058528	0.94528	-0.28893	-0.15151	0.32552	0.86636	0.37875	0.021829	-0.40735	0.91301
0.1501	0.20775	0.7449	-0.0057726	0.94479	-0.28952	-0.15343	0.32672	0.86801	0.37392	0.024916	-0.4034	0.91468
0.16011	0.20772	0.74493	-0.0056826	0.9443	-0.29024	-0.15512	0.3279	0.86998	0.36827	0.028063	-0.39862	0.91669
0.17011	0.20768	0.74496	-0.0055968	0.94377	-0.29107	-0.15675	0.32911	0.87212	0.36206	0.031317	-0.39329	0.91888
0.18012	0.20764	0.74499	-0.0054993	0.94324	-0.29198	-0.15826	0.3303	0.87444	0.35533	0.034637	-0.38744	0.92125
0.19013	0.20761	0.74502	-0.0054135	0.9428	-0.29295	-0.15908	0.33125	0.87682	0.3485	0.037388	-0.38126	0.92371
0.20013	0.20757	0.74505	-0.0053136	0.94232	-0.294	-0.16001	0.33228	0.87931	0.34118	0.040387	-0.37467	0.92628
0.21014	0.20753	0.74508	-0.0052022	0.94185	-0.29507	-0.16077	0.33323	0.88178	0.33381	0.043264	-0.36797	0.92883
0.22015	0.20748	0.74511	-0.005061	0.94134	-0.29622	-0.16165	0.33425	0.88439	0.32577	0.046457	-0.36069	0.93153
0.23015	0.20744	0.74514	-0.0049349	0.94087	-0.29743	-0.16218	0.33515	0.88701	0.31763	0.04938	-0.3532	0.93424
0.24016	0.2074	0.74517	-0.004814	0.94043	-0.29866	-0.16243	0.33595	0.88965	0.3093	0.05213	-0.34544	0.93699
0.25017	0.20735	0.7452	-0.0046899	0.93998	-0.29992	-0.16273	0.33677	0.89223	0.30086	0.05496	-0.33761	0.93968
0.26017	0.20731	0.74523	-0.004579	0.93959	-0.30116	-0.16267	0.33743	0.89473	0.29256	0.05744	-0.32978	0.94231
0.27018	0.20726	0.74525	-0.0044882	0.93927	-0.30238	-0.16229	0.33797	0.89711	0.28454	0.059549	-0.3221	0.94483
0.28019	0.20722	0.74527	-0.0044198	0.93904	-0.30354	-0.16147	0.33834	0.89935	0.27693	0.061155	-0.31468	0.94723
0.29019	0.20717	0.74529	-0.0043712	0.93885	-0.30469	-0.16036	0.33861	0.90147	0.26963	0.062405	-0.30744	0.94952
0.3002	0.20713	0.74531	-0.0043053	0.93862	-0.30577	-0.15971	0.33898	0.90342	0.26256	0.064003	-0.30058	0.95161
0.31021	0.20708	0.74532	-0.0042739	0.93852	-0.30671	-0.15848	0.3391	0.90515	0.25636	0.064821	-0.29433	0.9535
0.32021	0.20705	0.74532	-0.0042687	0.93851	-0.30762	-0.15677	0.33908	0.90674	0.25068	0.065036	-0.28843	0.95529
0.33022	0.20701	0.74533	-0.0042951	0.93857	-0.30843	-0.15481	0.33897	0.90813	0.24578	0.064785	-0.28316	0.95688
0.34023	0.20697	0.74533	-0.0043065	0.93858	-0.30909	-0.15337	0.33892	0.90926	0.24164	0.064767	-0.27878	0.95817
0.35023	0.20693	0.74533	-0.0043594	0.93874	-0.30961	-0.15137	0.33866	0.91016	0.23859	0.0639	-0.27524	0.95925
0.36024	0.2069	0.74533	-0.0044073	0.93888	-0.31	-0.14968	0.33843	0.91078	0.23652	0.063	-0.27272	0.96003
0.37025	0.20686	0.74534	-0.0044452	0.93899	-0.31022	-0.14853	0.33826	0.91111	0.2355	0.06227	-0.27137	0.96046
0.38026	0.20683	0.74534	-0.0044858	0.93912	-0.31024	-0.14766	0.33806	0.91111	0.2358	0.061379	-0.27136	0.96052
0.39026	0.2068	0.74534	-0.0045448	0.93929	-0.31009	-0.14692	0.33781	0.91079	0.23738	0.060208	-0.2726	0.96024
0.40027	0.20676	0.74534	-0.0045948	0.93945	-0.30977	-0.14654	0.33756	0.9102	0.23999	0.059036	-0.27493	0.95965
0.41028	0.20673	0.74534	-0.0046788	0.93967	-0.30931	-0.14609	0.33722	0.90933	0.24373	0.057459	-0.27829	0.95878
0.42028	0.2067	0.74534	-0.0047503	0.93988	-0.30869	-0.1461	0.33691	0.90811	0.24867	0.05591	-0.28294	0.95751
0.43029	0.20666	0.74535	-0.0047943	0.93996	-0.30793	-0.14717	0.33681	0.90662	0.25416	0.055164	-0.28847	0.9559
0.4403	0.20663	0.74535	-0.0048481	0.94012	-0.30702	-0.14806	0.33656	0.90489	0.26058	0.053974	-0.29481	0.95403
0.4503	0.2066	0.74535	-0.0049088	0.94026	-0.30599	-0.14927	0.33634	0.90282	0.26793	0.05278	-0.30213	0.9518
0.46031	0.20656	0.74536	-0.0049515	0.94038	-0.30482	-0.15093	0.33616	0.90051	0.27583	0.051832	-0.31012	0.94928
0.47032	0.20653	0.74536	-0.005	0.94055	-0.30353	-0.15242	0.33588	0.89791	0.28452	0.050497	-0.3188	0.94648
0.48032	0.2065	0.74537	-0.0050106	0.94062	-0.30223	-0.15458	0.3358	0.89517	0.29311	0.04979	-0.32762	0.9435
0.49033	0.20646	0.74538	-0.0050113	0.94065	-0.30076	-0.15723	0.33577	0.89212	0.3023	0.04935	-0.33716	0.94015
0.50034	0.20643	0.74538	-0.0050327	0.94079	-0.2992	-0.15934	0.33553	0.88882	0.31213	0.048235	-0.34711	0.93658
0.51034	0.20639	0.74539	-0.0050632	0.94092	-0.29759	-0.16158	0.33531	0.88537	0.322	0.047233	-0.35716	0.93285
0.52035	0.20635	0.74539	-0.0050888	0.94102	-0.29597	-0.16397	0.33516	0.88181	0.33178	0.046392	-0.36717	0.929
0.53036	0.20632	0.7454	-0.0051133	0.9411	-0.29431	-0.16646	0.33503	0.87817	0.34142	0.045697	-0.37708	0.92505
0.54036	0.20628	0.7454	-0.0051371	0.94117	-0.29267	-0.16892	0.3349	0.87452	0.35079	0.045059	-0.38673	0.92109
0.55037	0.20625	0.7454	-0.0051894	0.94138	-0.29104	-0.17057	0.3345	0.87083	0.36022	0.043703	-0.39616	0.91714
0.56038	0.20621	0.74541	-0.0052374	0.94156	-0.28939	-0.17239	0.33415	0.86701	0.36965	0.042487	-0.40566	0.91304
0.57038	0.20617	0.74541	-0.0052903	0.94176	-0.28764	-0.1742	0.33375	0.86289	0.37951	0.041158	-0.41555	0.90864
0.58039	0.20614	0.74541	-0.0053415	0.94201	-0.2859	-0.17573	0.33324	0.8588	0.38913	0.039669	-0.42513	0.90426
0.5904	0.2061	0.74541	-0.0053935	0.94223	-0.28414	-0.17739	0.33278	0.85452	0.39883	0.038263	-0.43482	0.8997
0.6004	0.20607	0.74541	-0.0054403	0.94242	-0.28227	-0.17937	0.33238	0.84996	0.40877	0.037075	-0.44485	0.89484
0.61041	0.20603	0.74541	-0.0054848	0.94263	-0.28037	-0.18122	0.33192	0.84526	0.41877	0.035765	-0.4549	0.88983
0.62042	0.20599	0.74541	-0.0055287	0.94287	-0.27843	-0.18295	0.33139	0.84037	0.4289	0.034328	-0.46503	0.88463
0.63042	0.20596	0.74541	-0.0055838	0.94315	-0.27647	-0.18446	0.33074	0.8354	0.43899	0.032733	-0.47504	0.87935
0.64043	0.20592	0.74541	-0.0056263	0.94343	-0.2745	-0.18596	0.3301	0.8303	0.44905	0.031136	-0.48503	0.87394
0.65044	0.20588	0.74541	-0.0056696	0.94374	-0.2725	-0.18734	0.32937	0.82504	0.45916	0.029444	-0.49503	0.86837
0.66044	0.20584	0.74541	-0.0057091	0.9441	-0.27048	-0.18844	0.3285	0.81967	0.46928	0.027532	-0.50495	0.86271
0.67045	0.2058	0.74541	-0.0057394	0.94442	-0.26845	-0.18977	0.32773	0.8142	0.47924	0.025854	-0.5148	0.85692
0.68046	0.20576	0.74541	-0.0057596	0.94473	-0.26639	-0.1911	0.32695	0.80855	0.48924	0.024181	-0.52468	0.85096
0.69046	0.20571	0.74541	-0.0057922	0.94514	-0.2643	-0.19197	0.32591	0.80272	0.49942	0.022103	-0.53459	0.84482
0.70047	0.20567	0.74541	-0.0058134	0.9455	-0.26223	-0.19303	0.32498	0.79689	0.50926	0.020277	-0.54424	0.83868
0.71048	0.20562	0.74541	-0.0058517	0.94591	-0.26017	-0.1938	0.3239	0.791	0.51905	0.018253	-0.55374	0.83249
0.72048	0.20558	0.74541	-0.0058812	0.94632	-0.25816	-0.19448	0.32281	0.78522	0.52841	0.016294	-0.56283	0.82641
0.73049	0.20553	0.74541	-0.0059277	0.9468	-0.2563	-0.19462	0.32151	0.77973	0.53726	0.014048	-0.57125	0.82066
0.7405	0.20548	0.74541	-0.0059695	0.94734	-0.2545	-0.19437	0.32002	0.77436	0.54584	0.011601	-0.5793	0.81503
0.7505	0.20543	0.74541	-0.0060087	0.9479	-0.25276	-0.19392	0.31845	0.769	0.55428	0.0090272	-0.58716	0.80942
0.76051	0.20538	0.74542	-0.0060337	0.94841	-0.25108	-0.19359	0.31698	0.7639	0.56212	0.0067449	-0.59449	0.80408
0.77052	0.20532	0.74542	-0.0060561	0.94899	-0.24961	-0.19266	0.31529	0.75924	0.56934	0.0041616	-0.60104	0.79921
0.78052	0.20527	0.74543	-0.0060541	0.94953	-0.24822	-0.19175	0.31366	0.75483	0.57606	0.0017512	-0.60713	0.7946
0.79053	0.20521	0.74544	-0.0060528	0.95014	-0.24702	-0.19031	0.31182	0.75091	0.58215	-0.00089455	-0.61247	0.79049
0.80054	0.20516	0.74545	-0.0060363	0.95066	-0.24592	-0.18913	0.31022	0.74733	0.58759	-0.0031578	-0.61727	0.78675
0.81054	0.2051	0.74547	-0.0060269	0.95113	-0.24498	-0.188	0.30876	0.74413	0.5924	-0.0052282	-0.62149	0.7834
0.82055	0.20505	0.74549	-0.0060005	0.95154	-0.24412	-0.18704	0.30745	0.74127	0.59665	-0.0070049	-0.62524	0.7804
0.83056	0.205	0.74551	-0.0059932	0.95192	-0.24344	-0.18598	0.30623	0.73896	0.60013	-0.0086619	-0.62823	0.77798
0.84056	0.20495	0.74553	-0.0059861	0.95232	-0.24291	-0.18461	0.30492	0.73717	0.60299	-0.010385	-0.63053	0.77609
0.85057	0.20489	0.74555	-0.0059725	0.95274	-0.24249	-0.18299	0.30355	0.73567	0.60552	-0.012214	-0.63245	0.77451
0.86058	0.20484	0.74557	-0.0059496	0.95322	-0.2422	-0.18084	0.30193	0.73466	0.60755	-0.014291	-0.63373	0.77342
0.87058	0.20478	0.74559	-0.0059257	0.95369	-0.24206	-0.17858	0.30036	0.73412	0.60897	-0.016307	-0.63441	0.77283
0.88059	0.20472	0.74562	-0.0058862	0.95414	-0.24199	-0.17624	0.29881	0.73384	0.61008	-0.0183	-0.63476	0.77249
0.8906	0.20467	0.74565	-0.0058408	0.95459	-0.24201	-0.17375	0.29723	0.73391	0.61076	-0.020296	-0.63467	0.77252
0.9006	0.20462	0.74567	-0.0057905	0.95496	-0.24215	-0.1715	0.29592	0.73449	0.61071	-0.02192	-0.63395	0.77306
0.91061	0.20456	0.7457	-0.0057433	0.95534	-0.24241	-0.16901	0.29456	0.73542	0.61023	-0.02363	-0.63276	0.77398
0.92062	0.20451	0.74573	-0.0057	0.95566	-0.2427	-0.16674	0.29339	0.73662	0.60936	-0.025071	-0.63126	0.77517
0.93062	0.20446	0.74576	-0.0056658	0.95596	-0.24311	-0.16442	0.2923	0.7382	0.60796	-0.026429	-0.62924	0.77676
0.94063	0.20441	0.74579	-0.0056383	0.95629	-0.2436	-0.16177	0.29109	0.74028	0.60601	-0.02787	-0.62661	0.77883
0.95064	0.20436	0.74582	-0.0056205	0.95661	-0.24425	-0.15884	0.28987	0.74283	0.60347	-0.029408	-0.62334	0.7814
0.96064	0.20431	0.74585	-0.0055878	0.95694	-0.24487	-0.15592	0.28865	0.74542	0.60086	-0.030909	-0.61999	0.784
0.97065	0.20426	0.74589	-0.0055517	0.9573	-0.24565	-0.15242	0.28724	0.74875	0.59738	-0.032622	-0.61565	0.78734
0.98066	0.2042	0.74592	-0.0054778	0.95772	-0.24654	-0.14827	0.28559	0.75264	0.59327	-0.034673	-0.61053	0.79123
0.99066	0.20415	0.74597	-0.0053913	0.95815	-0.24755	-0.1438	0.28391	0.75713	0.58834	-0.03677	-0.60454	0.79573
1.0007	0.20408	0.74601	-0.0052794	0.95865	-0.24872	-0.13831	0.28185	0.76247	0.58241	-0.039401	-0.59731	0.80104
1.0107	0.20402	0.74607	-0.0051863	0.95914	-0.24997	-0.13255	0.27979	0.76826	0.57576	-0.042085	-0.58932	0.8068
1.0207	0.20397	0.74612	-0.0050912	0.95957	-0.25126	-0.12684	0.27791	0.77446	0.56831	-0.044559	-0.58058	0.81298
1.0307	0.20391	0.74617	-0.0050147	0.95999	-0.25257	-0.12097	0.27606	0.7809	0.56034	-0.047056	-0.57131	0.81938
1.0407	0.20387	0.74621	-0.0049609	0.9603	-0.25387	-0.11568	0.27467	0.78768	0.55147	-0.048883	-0.56134	0.82614
1.0507	0.20382	0.74625	-0.0049196	0.96055	-0.25517	-0.11055	0.27345	0.79441	0.54235	-0.050572	-0.55118	0.83285
1.0607	0.20378	0.74629	-0.0048926	0.96075	-0.25638	-0.10597	0.27254	0.80097	0.53307	-0.051791	-0.54103	0.83941
1.0707	0.20374	0.74633	-0.004865	0.96096	-0.25755	-0.1011	0.27151	0.80749	0.52368	-0.053239	-0.53069	0.84589
1.0807	0.2037	0.74636	-0.0048249	0.96115	-0.25868	-0.096292	0.27059	0.81417	0.51372	-0.05449	-0.51982	0.85254
1.0907	0.20367	0.74639	-0.0047975	0.96129	-0.25978	-0.091853	0.26991	0.82066	0.50365	-0.05546	-0.50895	0.85901
1.1007	0.20363	0.74642	-0.0047548	0.96144	-0.2608	-0.087328	0.26917	0.82704	0.4935	-0.05648	-0.49798	0.86535
1.1107	0.2036	0.74646	-0.0046869	0.96162	-0.2618	-0.08212	0.26817	0.83348	0.4831	-0.058032	-0.48658	0.8717
1.1208	0.20356	0.7465	-0.004624	0.96176	-0.26274	-0.077318	0.26742	0.83987	0.47234	-0.059168	-0.47496	0.87802
1.1308	0.20353	0.74653	-0.0045741	0.96188	-0.26363	-0.072664	0.26675	0.84598	0.46171	-0.060249	-0.46349	0.88405
1.1408	0.20349	0.74656	-0.0045055	0.96201	-0.26443	-0.067942	0.26601	0.85178	0.45134	-0.061478	-0.45227	0.88976
1.1508	0.20346	0.74659	-0.004474	0.96209	-0.26516	-0.063814	0.26554	0.85735	0.44095	-0.062208	-0.44118	0.89526
1.1608	0.20343	0.74662	-0.0044316	0.96219	-0.26582	-0.059506	0.26499	0.86285	0.43043	-0.063071	-0.42992	0.90066
1.1708	0.2034	0.74665	-0.0044075	0.96226	-0.26644	-0.055372	0.26456	0.86823	0.41974	-0.063759	-0.41855	0.90596
1.1808	0.20337	0.74667	-0.0043876	0.96233	-0.26701	-0.051255	0.26416	0.87358	0.40875	-0.064365	-0.40689	0.91121
1.1908	0.20334	0.74669	-0.004386	0.96238	-0.26754	-0.047467	0.2639	0.8787	0.39779	-0.064717	-0.39535	0.91625
1.2008	0.20332	0.74671	-0.0043745	0.96242	-0.268	-0.043762	0.26366	0.88365	0.38685	-0.065008	-0.38385	0.9211
1.2108	0.20329	0.74673	-0.0043735	0.96246	-0.26845	-0.040186	0.26348	0.88836	0.37602	-0.065242	-0.37249	0.92574
1.2208	0.20326	0.74676	-0.0043513	0.9625	-0.2688	-0.036591	0.26324	0.89287	0.36535	-0.065536	-0.36129	0.93015
1.2308	0.20323	0.74677	-0.0043369	0.96253	-0.26914	-0.033205	0.2631	0.89715	0.35481	-0.065704	-0.35025	0.93435
1.2408	0.20321	0.74679	-0.0043256	0.96257	-0.26939	-0.029816	0.2629	0.90126	0.34441	-0.065911	-0.33936	0.93834
1.2508	0.20318	0.74681	-0.0043386	0.96259	-0.26963	-0.02675	0.26288	0.90539	0.33341	-0.065679	-0.32797	0.9424
1.2608	0.20315	0.74683	-0.0043401	0.96263	-0.26982	-0.023153	0.26268	0.9095	0.32219	-0.065877	-0.31623	0.94639
1.2709	0.20313	0.74685	-0.0043464	0.96266	-0.27	-0.019515	0.2625	0.91343	0.31104	-0.066156	-0.30455	0.9502
1.2809	0.2031	0.74686	-0.0043465	0.9627	-0.2701	-0.015895	0.26232	0.91735	0.29943	-0.066295	-0.29243	0.95399
1.2909	0.20308	0.74688	-0.0043632	0.96272	-0.2702	-0.01255	0.26228	0.92114	0.28759	-0.066145	-0.28016	0.95767
1.3009	0.20305	0.74689	-0.0043579	0.96276	-0.27021	-0.0090223	0.26216	0.92488	0.27546	-0.066087	-0.26757	0.96127
1.3109	0.20303	0.74691	-0.0043443	0.96278	-0.27021	-0.0054303	0.26207	0.92846	0.26322	-0.066084	-0.25485	0.96472
1.3209	0.20301	0.74692	-0.0043534	0.96281	-0.27016	-0.0023983	0.26211	0.93192	0.25066	-0.065482	-0.24197	0.96807
1.3309	0.20299	0.74692	-0.0043827	0.96283	-0.2701	0.00033474	0.26225	0.93513	0.23824	-0.064662	-0.22929	0.97121
1.3409	0.20296	0.74693	-0.0044254	0.96287	-0.26994	0.0029041	0.26235	0.93821	0.22571	-0.063653	-0.21656	0.97419
1.3509	0.20294	0.74694	-0.0044805	0.9629	-0.2698	0.0053636	0.26252	0.94114	0.21291	-0.062492	-0.2036	0.97706
1.3609	0.20291	0.74694	-0.0045439	0.96294	-0.26961	0.0076333	0.26268	0.94386	0.2003	-0.061207	-0.19087	0.97971
1.3709	0.20289	0.74695	-0.0046061	0.96298	-0.2694	0.0099398	0.26281	0.94636	0.18795	-0.060039	-0.17838	0.98213
1.3809	0.20286	0.74696	-0.0046522	0.96302	-0.26914	0.012443	0.26286	0.94868	0.17579	-0.059116	-0.16602	0.98435
1.3909	0.20284	0.74697	-0.00469	0.96305	-0.26892	0.014813	0.26294	0.95068	0.16453	-0.058329	-0.15456	0.98626
1.4009	0.20281	0.74697	-0.0047226	0.96309	-0.26863	0.016978	0.26298	0.95254	0.15333	-0.05736	-0.1432	0.98803
1.4109	0.20278	0.74698	-0.0047529	0.96313	-0.26835	0.019125	0.26304	0.95422	0.1424	-0.056464	-0.13212	0.98962
1.421	0.20275	0.74699	-0.0047561	0.96318	-0.268	0.021618	0.26299	0.95579	0.13155	-0.055919	-0.12103	0.99107
1.431	0.20273	0.747	-0.0047707	0.96321	-0.2677	0.023756	0.26305	0.95721	0.12064	-0.055035	-0.10995	0.99241
1.441	0.2027	0.74701	-0.0048081	0.96328	-0.26732	0.025291	0.26312	0.95851	0.10963	-0.053548	-0.098951	0.99365
1.451	0.20267	0.74702	-0.004864	0.96333	-0.26699	0.02681	0.26321	0.95963	0.099202	-0.052214	-0.088507	0.99471
1.461	0.20265	0.74703	-0.0049363	0.96339	-0.26668	0.027507	0.26333	0.96054	0.089525	-0.050296	-0.079004	0.9956
1.471	0.20262	0.74703	-0.0050178	0.96345	-0.26639	0.028177	0.26342	0.96127	0.081045	-0.048676	-0.070661	0.99631
1.481	0.20259	0.74704	-0.0051115	0.96353	-0.26607	0.028488	0.26349	0.96194	0.072353	-0.046655	-0.062208	0.99697
1.491	0.20256	0.74705	-0.0052019	0.9636	-0.2658	0.02883	0.26358	0.9625	0.064116	-0.044791	-0.054183	0.99753
1.501	0.20254	0.74706	-0.005293	0.96368	-0.26549	0.029045	0.26359	0.96297	0.056556	-0.042985	-0.046846	0.99798
1.511	0.20251	0.74707	-0.0053622	0.96373	-0.26525	0.029441	0.26364	0.96336	0.049403	-0.041467	-0.039849	0.99834
1.521	0.20248	0.74708	-0.0054328	0.9638	-0.26501	0.029463	0.26367	0.96367	0.042619	-0.039686	-0.033307	0.99866
1.531	0.20245	0.74709	-0.0055044	0.96386	-0.26477	0.029476	0.26367	0.96392	0.036413	-0.038054	-0.027325	0.9989
1.541	0.20242	0.7471	-0.0055117	0.96388	-0.26463	0.030073	0.26369	0.96407	0.032103	-0.037489	-0.023014	0.99903
1.551	0.20239	0.74711	-0.0054997	0.96386	-0.26465	0.030467	0.26373	0.9641	0.031116	-0.037608	-0.021956	0.99905
1.561	0.20236	0.74712	-0.005523	0.96389	-0.26467	0.0293	0.26379	0.96409	0.030759	-0.036389	-0.02192	0.9991
1.5711	0.20233	0.74713	-0.0055591	0.96392	-0.2647	0.028068	0.26384	0.96407	0.031063	-0.035282	-0.022537	0.99912
1.5811	0.2023	0.74714	-0.0056058	0.96396	-0.26474	0.026221	0.2639	0.96404	0.031402	-0.033591	-0.02335	0.99916
1.5911	0.20228	0.74715	-0.0056455	0.96399	-0.26476	0.024865	0.26393	0.96401	0.032142	-0.03248	-0.024422	0.99917
1.6011	0.20225	0.74716	-0.0056741	0.96403	-0.26476	0.023419	0.26397	0.96399	0.032122	-0.03108	-0.024785	0.99921
1.6111	0.20222	0.74717	-0.0057124	0.96405	-0.26481	0.021908	0.26404	0.96395	0.032857	-0.029819	-0.025891	0.99922
1.6211	0.20219	0.74718	-0.0057567	0.96409	-0.26482	0.020151	0.26408	0.96393	0.03323	-0.028224	-0.026715	0.99924
1.6311	0.20216	0.74719	-0.005789	0.96411	-0.26483	0.018758	0.26412	0.9639	0.033846	-0.027044	-0.027677	0.99925
1.6411	0.20213	0.7472	-0.0058059	0.96413	-0.26484	0.017941	0.26414	0.96389	0.033964	-0.026288	-0.028006	0.99926
1.6511	0.2021	0.74721	-0.005841	0.96415	-0.26487	0.016289	0.2642	0.96385	0.034388	-0.024808	-0.028852	0.99928
1.6611	0.20207	0.74723	-0.0058704	0.96417	-0.26488	0.01474	0.26426	0.96383	0.034603	-0.023373	-0.029468	0.99929
1.6711	0.20204	0.74724	-0.00591	0.96418	-0.26491	0.013278	0.26431	0.96379	0.035426	-0.022182	-0.030647	0.99928
1.6811	0.20201	0.74725	-0.0059422	0.9642	-0.26493	0.011472	0.26437	0.96375	0.035929	-0.020575	-0.03161	0.99929
1.6911	0.20198	0.74726	-0.0059803	0.96421	-0.26494	0.0097415	0.26444	0.96371	0.036572	-0.019078	-0.032688	0.99928
1.7011	0.20196	0.74727	-0.0060098	0.96423	-0.26495	0.0079292	0.26449	0.96368	0.036902	-0.017418	-0.033484	0.99929
1.7111	0.20193	0.74728	-0.006048	0.96424	-0.26497	0.0062604	0.26456	0.96363	0.037701	-0.016022	-0.034696	0.99927
1.7212	0.20189	0.74729	-0.0060795	0.96425	-0.26496	0.0043182	0.26462	0.96361	0.037925	-0.01421	-0.035426	0.99927
1.7312	0.20186	0.7473	-0.0061121	0.96425	-0.26497	0.0028942	0.26466	0.96356	0.038672	-0.013036	-0.036523	0.99925
1.7412	0.20183	0.74732	-0.0061415	0.96426	-0.26497	0.0013749	0.26472	0.96353	0.039064	-0.011676	-0.037304	0.99924
1.7512	0.2018	0.74733	-0.0061745	0.96425	-0.26498	-6.3093e-005	0.26477	0.96349	0.039728	-0.010466	-0.038324	0.99921
1.7612	0.20177	0.74734	-0.0061943	0.96425	-0.26499	-0.0015205	0.26483	0.96346	0.040206	-0.0091892	-0.039172	0.99919
1.7712	0.20174	0.74735	-0.0062205	0.96425	-0.26499	-0.0027459	0.26487	0.96341	0.041034	-0.008228	-0.040294	0.99915
1.7812	0.20171	0.74736	-0.0062302	0.96424	-0.265	-0.0044845	0.26495	0.96339	0.041105	-0.0065725	-0.040824	0.99914
1.7912	0.20168	0.74738	-0.0062456	0.96424	-0.26498	-0.0057166	0.26499	0.96334	0.041894	-0.0055942	-0.04191	0.99911
1.8012	0.20165	0.74739	-0.0062561	0.96422	-0.265	-0.0074015	0.26507	0.96331	0.042088	-0.0040234	-0.042544	0.99909
1.8112	0.20162	0.7474	-0.0062719	0.96421	-0.26499	-0.0090303	0.26513	0.96326	0.042825	-0.0026493	-0.043686	0.99904
1.8212	0.20159	0.74741	-0.0062853	0.96419	-0.26498	-0.010666	0.26519	0.96323	0.043229	-0.0011816	-0.04451	0.99901
1.8312	0.20156	0.74742	-0.0063001	0.96417	-0.26498	-0.012442	0.26528	0.96317	0.04403	0.00031656	-0.045753	0.99895
1.8412	0.20152	0.74744	-0.0063077	0.96416	-0.26497	-0.014034	0.26533	0.96314	0.04434	0.0017678	-0.046474	0.99892
1.8512	0.20149	0.74745	-0.0063224	0.96414	-0.26496	-0.015448	0.26539	0.96308	0.045282	0.0028793	-0.047758	0.99885
1.8612	0.20146	0.74746	-0.0063208	0.96412	-0.26493	-0.017034	0.26544	0.96306	0.045443	0.0043653	-0.048334	0.99882
1.8713	0.20143	0.74747	-0.0063259	0.96409	-0.26494	-0.018322	0.26552	0.96301	0.046035	0.0054479	-0.049247	0.99877
1.8813	0.2014	0.74749	-0.0063153	0.96405	-0.26493	-0.020303	0.2656	0.96297	0.046322	0.0072796	-0.050049	0.99872
1.8913	0.20136	0.7475	-0.0063071	0.96402	-0.26491	-0.022022	0.26568	0.9629	0.047205	0.0086996	-0.051358	0.99864
1.9013	0.20133	0.74751	-0.0062902	0.96398	-0.26489	-0.023909	0.26576	0.96285	0.047887	0.010336	-0.052517	0.99857
1.9113	0.2013	0.74753	-0.0062784	0.96395	-0.26486	-0.02561	0.26583	0.96279	0.04872	0.011753	-0.053771	0.99848
1.9213	0.20126	0.74754	-0.0062531	0.9639	-0.26484	-0.027382	0.26592	0.96276	0.048885	0.013415	-0.054401	0.99843
1.9313	0.20123	0.74755	-0.0062465	0.96387	-0.26481	-0.028733	0.26597	0.96271	0.049492	0.014555	-0.055346	0.99836
1.9413	0.2012	0.74756	-0.0062296	0.96382	-0.2648	-0.030451	0.26606	0.96265	0.050069	0.016055	-0.056359	0.99828
1.9513	0.20116	0.74758	-0.0062061	0.96378	-0.26476	-0.032135	0.26613	0.96259	0.050939	0.017446	-0.057646	0.99818
1.9613	0.20113	0.74759	-0.0061783	0.96374	-0.26473	-0.033458	0.26619	0.96255	0.051389	0.018601	-0.058431	0.99812
1.9713	0.2011	0.74761	-0.0061423	0.96369	-0.26471	-0.035172	0.26627	0.96252	0.051518	0.020217	-0.059013	0.99805
1.9813	0.20106	0.74762	-0.0060998	0.96364	-0.26468	-0.036581	0.26633	0.96251	0.051426	0.021598	-0.059298	0.99801
1.9913	0.20103	0.74763	-0.0060729	0.9636	-0.26466	-0.037857	0.26638	0.96249	0.05155	0.022793	-0.059758	0.99795
2.0013	0.20099	0.74765	-0.0060325	0.96353	-0.26467	-0.039372	0.26648	0.96247	0.051334	0.024308	-0.059954	0.99791
2.0113	0.20096	0.74766	-0.0060051	0.96349	-0.26462	-0.040683	0.26652	0.96244	0.051838	0.025437	-0.060789	0.99783
2.0214	0.20092	0.74767	-0.0059749	0.96345	-0.26461	-0.041903	0.26658	0.9624	0.052098	0.026542	-0.061365	0.99776
2.0314	0.20089	0.74768	-0.0059507	0.96341	-0.26457	-0.042906	0.26663	0.96237	0.052447	0.027415	-0.061968	0.9977
2.0414	0.20085	0.7477	-0.0059199	0.96337	-0.26455	-0.043972	0.26668	0.96234	0.052776	0.028354	-0.06257	0.99764
2.0514	0.20082	0.74771	-0.0058953	0.96333	-0.2645	-0.045076	0.26672	0.96228	0.053566	0.029207	-0.063625	0.99755
2.0614	0.20078	0.74772	-0.0058793	0.96331	-0.26447	-0.045621	0.26675	0.96223	0.054316	0.029533	-0.064493	0.99748
2.0714	0.20074	0.74774	-0.005849	0.96325	-0.26444	-0.047038	0.26683	0.96217	0.055083	0.030692	-0.06561	0.99737
2.0814	0.20071	0.74775	-0.0058209	0.96322	-0.26438	-0.047984	0.26686	0.9621	0.056041	0.031349	-0.066786	0.99727
2.0914	0.20067	0.74776	-0.0058017	0.9632	-0.26433	-0.048805	0.26691	0.96201	0.057412	0.031775	-0.068326	0.99716
2.1014	0.20064	0.74777	-0.0057797	0.96317	-0.26424	-0.049786	0.26695	0.9619	0.059048	0.032286	-0.070163	0.99701
2.1114	0.2006	0.74778	-0.0057866	0.96317	-0.26414	-0.050365	0.26698	0.96171	0.06193	0.032078	-0.073095	0.99681
2.1214	0.20056	0.74779	-0.0057904	0.96319	-0.26399	-0.050835	0.26698	0.96147	0.0655	0.031585	-0.07666	0.99656
2.1314	0.20053	0.7478	-0.0058369	0.96325	-0.26379	-0.050603	0.26693	0.96109	0.071061	0.029889	-0.081957	0.99619
2.1414	0.20049	0.74781	-0.0058843	0.96334	-0.26352	-0.050394	0.26686	0.96054	0.078462	0.02773	-0.089033	0.99564
2.1514	0.20045	0.74782	-0.0059351	0.9634	-0.26323	-0.050664	0.26683	0.95978	0.08734	0.025636	-0.097662	0.99489
2.1614	0.20041	0.74784	-0.0059869	0.96348	-0.26285	-0.051076	0.26674	0.95886	0.097183	0.02343	-0.10726	0.99396
2.1715	0.20038	0.74785	-0.0060444	0.96355	-0.26246	-0.05184	0.26668	0.95775	0.10773	0.021375	-0.11763	0.99283
2.1815	0.20034	0.74786	-0.0060838	0.9636	-0.26202	-0.05312	0.26662	0.95646	0.11874	0.019695	-0.12858	0.9915
2.1915	0.20031	0.74787	-0.0061281	0.96364	-0.26153	-0.054809	0.26658	0.95498	0.13018	0.018296	-0.14006	0.98997
2.2015	0.20028	0.74788	-0.0061617	0.96367	-0.26098	-0.056844	0.26655	0.95331	0.14192	0.01715	-0.15192	0.98824
2.2115	0.20025	0.74789	-0.0062052	0.96371	-0.26039	-0.058895	0.26649	0.95145	0.15405	0.015922	-0.16416	0.98631
2.2215	0.20021	0.7479	-0.0062311	0.96374	-0.25977	-0.060962	0.26643	0.94936	0.1665	0.014621	-0.17671	0.98415
2.2315	0.20018	0.74791	-0.0062543	0.96377	-0.25907	-0.06342	0.26638	0.94695	0.17978	0.013478	-0.19016	0.98166
2.2415	0.20015	0.74792	-0.0062616	0.96382	-0.2583	-0.065809	0.26627	0.94423	0.19371	0.012103	-0.20423	0.97885
2.2515	0.20012	0.74793	-0.0062969	0.96391	-0.25748	-0.067667	0.26603	0.94124	0.20808	0.010114	-0.21857	0.97577
2.2615	0.20009	0.74794	-0.0063144	0.96394	-0.2566	-0.070604	0.26598	0.93786	0.22288	0.0090251	-0.23363	0.97228
2.2715	0.20005	0.74795	-0.0063445	0.96399	-0.25563	-0.073397	0.26584	0.93427	0.23763	0.0078286	-0.24858	0.96858
2.2815	0.20002	0.74796	-0.006363	0.96402	-0.25465	-0.07623	0.26573	0.93057	0.25184	0.0068053	-0.26304	0.96476
2.2915	0.19999	0.74798	-0.0063738	0.96403	-0.25363	-0.079495	0.26573	0.92655	0.26625	0.0061283	-0.27779	0.96062
2.3015	0.19996	0.74799	-0.0063712	0.96403	-0.25253	-0.082924	0.26574	0.92234	0.28049	0.0056513	-0.29244	0.95627
2.3116	0.19993	0.748	-0.0063714	0.964	-0.25137	-0.086659	0.26584	0.91788	0.29466	0.0054711	-0.30709	0.95166
2.3216	0.19991	0.74801	-0.0063685	0.96398	-0.25017	-0.09033	0.26592	0.91324	0.30867	0.0052737	-0.32158	0.94687
2.3316	0.19988	0.74803	-0.0063754	0.96398	-0.24892	-0.093752	0.26594	0.90842	0.32256	0.0048768	-0.33587	0.9419
2.3416	0.19984	0.74804	-0.0063757	0.96397	-0.24762	-0.097215	0.26598	0.90341	0.3363	0.0045513	-0.35004	0.93672
2.3516	0.19981	0.74805	-0.0063854	0.96395	-0.24625	-0.1008	0.26605	0.89803	0.35037	0.0042444	-0.36456	0.93117
2.3616	0.19978	0.74807	-0.0063846	0.96395	-0.24481	-0.10428	0.26607	0.89255	0.3641	0.0039415	-0.37872	0.9255
2.3716	0.19975	0.74808	-0.0063885	0.96397	-0.24336	-0.10738	0.26598	0.88685	0.37782	0.0032842	-0.39277	0.91963
2.3816	0.19972	0.74809	-0.0063763	0.96397	-0.24186	-0.11079	0.26601	0.88097	0.39133	0.002953	-0.4067	0.91356
2.3916	0.19969	0.7481	-0.0063691	0.96399	-0.24029	-0.11391	0.26592	0.87487	0.40484	0.0023767	-0.42055	0.90727
2.4016	0.19966	0.74812	-0.0063515	0.96404	-0.23867	-0.11691	0.26576	0.86847	0.41849	0.0016548	-0.43451	0.90066
2.4116	0.19963	0.74813	-0.0063333	0.96408	-0.23699	-0.11995	0.26562	0.86178	0.43218	0.00095137	-0.44852	0.89377
2.4216	0.1996	0.74815	-0.0063	0.9641	-0.23525	-0.12316	0.26554	0.85494	0.44562	0.00046311	-0.46232	0.88671
2.4316	0.19956	0.74816	-0.0062782	0.96414	-0.23348	-0.12615	0.26539	0.84791	0.45893	-0.00018663	-0.47595	0.87947
2.4416	0.19953	0.74818	-0.0062571	0.96415	-0.23172	-0.12928	0.26534	0.84096	0.47157	-0.00055288	-0.48896	0.8723
2.4516	0.1995	0.74819	-0.0062564	0.96426	-0.23	-0.13154	0.26496	0.83413	0.48377	-0.0015453	-0.50133	0.86526
2.4617	0.19946	0.74821	-0.0062495	0.96439	-0.22829	-0.13354	0.26447	0.82726	0.49569	-0.0026858	-0.51335	0.85817
2.4717	0.19942	0.74822	-0.0062464	0.96453	-0.22665	-0.13529	0.26393	0.82062	0.50688	-0.0038616	-0.52461	0.85133
2.4817	0.19938	0.74824	-0.0062391	0.96471	-0.22508	-0.13667	0.26328	0.81431	0.51729	-0.0051431	-0.53502	0.84483
2.4917	0.19934	0.74825	-0.0062259	0.965	-0.22365	-0.13692	0.26213	0.80836	0.52711	-0.0072078	-0.54456	0.83869
2.5017	0.1993	0.74827	-0.0061926	0.96526	-0.2223	-0.13732	0.26114	0.80269	0.53619	-0.0089656	-0.55342	0.83285
2.5117	0.19925	0.74829	-0.006156	0.96556	-0.22104	-0.13726	0.25996	0.79733	0.54469	-0.010958	-0.56162	0.82733
2.5217	0.19921	0.74831	-0.0061076	0.96584	-0.2199	-0.1371	0.25882	0.79248	0.55225	-0.012792	-0.56887	0.82233
2.5317	0.19916	0.74833	-0.006061	0.96615	-0.21892	-0.13647	0.25755	0.78824	0.55888	-0.014783	-0.57511	0.81794
2.5417	0.19912	0.74836	-0.0060187	0.96646	-0.21809	-0.13564	0.25629	0.7847	0.56442	-0.016663	-0.58025	0.81427
2.5517	0.19907	0.74838	-0.0059958	0.96676	-0.21748	-0.13445	0.25501	0.78201	0.56871	-0.018538	-0.58409	0.81148
2.5617	0.19902	0.74841	-0.0059539	0.96716	-0.21705	-0.13227	0.25331	0.78015	0.57202	-0.020961	-0.58674	0.80951
2.5717	0.19897	0.74844	-0.005935	0.96746	-0.21681	-0.13042	0.25197	0.77907	0.57408	-0.022862	-0.58826	0.80835
2.5817	0.19892	0.74848	-0.0059022	0.96782	-0.21671	-0.12789	0.25038	0.7788	0.57514	-0.025034	-0.58865	0.808
2.5917	0.19887	0.74851	-0.0058666	0.96821	-0.21681	-0.12474	0.24862	0.77927	0.57526	-0.027512	-0.58799	0.8084
2.6017	0.19882	0.74855	-0.0058208	0.96856	-0.21698	-0.1217	0.24699	0.7802	0.5747	-0.029749	-0.58669	0.80926
2.6118	0.19877	0.74858	-0.0057695	0.96889	-0.21725	-0.11857	0.24543	0.78155	0.57354	-0.031929	-0.5848	0.81055
2.6218	0.19873	0.74862	-0.0057097	0.9692	-0.21756	-0.11539	0.24391	0.78326	0.57185	-0.034028	-0.58238	0.8122
2.6318	0.19868	0.74866	-0.0056548	0.96948	-0.21794	-0.11227	0.2425	0.78532	0.56962	-0.035975	-0.57947	0.8142
2.6418	0.19864	0.7487	-0.0055753	0.96978	-0.21837	-0.10879	0.24098	0.78776	0.5669	-0.038093	-0.57598	0.81657
2.6518	0.19859	0.74873	-0.0055161	0.97002	-0.21882	-0.10575	0.23975	0.7903	0.56387	-0.039812	-0.57232	0.81907
2.6618	0.19855	0.74877	-0.0054458	0.97027	-0.2193	-0.10235	0.23839	0.79323	0.56031	-0.041691	-0.56805	0.82193
2.6718	0.19851	0.74881	-0.0053906	0.97048	-0.21979	-0.099311	0.23726	0.796	0.55686	-0.043339	-0.56398	0.82465
2.6818	0.19847	0.74885	-0.0053364	0.97066	-0.22025	-0.09647	0.23624	0.79885	0.5532	-0.044775	-0.55976	0.82744
2.6918	0.19843	0.74889	-0.0052801	0.97086	-0.22071	-0.093331	0.23509	0.80178	0.54944	-0.046438	-0.55537	0.83031
2.7018	0.19839	0.74892	-0.005226	0.97102	-0.22117	-0.090608	0.23419	0.80463	0.54564	-0.047772	-0.55104	0.83311
2.7118	0.19836	0.74895	-0.0051838	0.97113	-0.22157	-0.088385	0.23352	0.80728	0.54201	-0.048741	-0.547	0.83571
2.7218	0.19832	0.74898	-0.0051284	0.97128	-0.22197	-0.085739	0.23263	0.81004	0.53825	-0.050021	-0.54273	0.83842
2.7318	0.19829	0.74901	-0.005085	0.97137	-0.22237	-0.08356	0.23203	0.81276	0.5344	-0.050919	-0.53849	0.84109
2.7418	0.19825	0.74904	-0.0050458	0.97148	-0.22275	-0.081358	0.23141	0.81554	0.53042	-0.051797	-0.53412	0.84382
2.7518	0.19822	0.74907	-0.005009	0.97157	-0.22312	-0.079179	0.23081	0.81821	0.52655	-0.052699	-0.52986	0.84645
2.7619	0.19819	0.7491	-0.0049649	0.97165	-0.22348	-0.077174	0.23032	0.82093	0.52252	-0.053416	-0.52548	0.84913
2.7719	0.19816	0.74913	-0.0049503	0.97171	-0.22383	-0.075329	0.2299	0.82354	0.51858	-0.05404	-0.52123	0.8517
2.7819	0.19812	0.74915	-0.0049124	0.9718	-0.22417	-0.073142	0.22932	0.82632	0.51439	-0.054871	-0.51666	0.85443
2.7919	0.19809	0.74918	-0.0048818	0.97188	-0.22453	-0.070953	0.2288	0.82916	0.51004	-0.055689	-0.51193	0.85722
2.8019	0.19806	0.74921	-0.0048406	0.97198	-0.22486	-0.068553	0.22815	0.83202	0.50566	-0.056665	-0.50713	0.86001
2.8119	0.19803	0.74924	-0.0048063	0.97206	-0.22521	-0.066232	0.2276	0.83508	0.50084	-0.057488	-0.50192	0.863
2.8219	0.19799	0.74927	-0.004759	0.97216	-0.22556	-0.063518	0.2269	0.83832	0.49572	-0.058569	-0.49633	0.86615
2.8319	0.19796	0.74931	-0.0047181	0.97226	-0.22592	-0.06064	0.22617	0.84171	0.49029	-0.059725	-0.4904	0.86945
2.8419	0.19793	0.74934	-0.0046628	0.97236	-0.22629	-0.057473	0.22539	0.8456	0.48391	-0.060903	-0.48349	0.87323
2.8519	0.19789	0.74938	-0.0046105	0.97246	-0.22669	-0.054181	0.22464	0.84966	0.47709	-0.062115	-0.47612	0.87718
2.8619	0.19786	0.74941	-0.004551	0.97255	-0.22706	-0.050817	0.22393	0.85408	0.46947	-0.063198	-0.46797	0.88148
2.8719	0.19783	0.74945	-0.0044846	0.97264	-0.22746	-0.047261	0.22322	0.85866	0.46138	-0.064364	-0.45931	0.88594
2.8819	0.1978	0.74948	-0.0044131	0.97274	-0.22781	-0.043438	0.22247	0.86367	0.45231	-0.065526	-0.44964	0.8908
2.8919	0.19777	0.74951	-0.0043669	0.9728	-0.22819	-0.039894	0.22195	0.86881	0.44261	-0.066341	-0.43943	0.89582
2.9019	0.19774	0.74955	-0.0043058	0.97289	-0.22852	-0.035558	0.22117	0.8744	0.43186	-0.067594	-0.42802	0.90124
2.912	0.19771	0.74958	-0.0042638	0.97296	-0.22885	-0.031299	0.22054	0.88011	0.42043	-0.068668	-0.41597	0.90678
2.922	0.19768	0.74961	-0.0042602	0.97301	-0.22913	-0.027537	0.22018	0.88592	0.40824	-0.069144	-0.40328	0.91246
2.932	0.19765	0.74963	-0.0042821	0.97305	-0.22937	-0.023742	0.21986	0.89176	0.39551	-0.069546	-0.39007	0.91816
2.942	0.19763	0.74966	-0.0042814	0.9731	-0.22955	-0.019616	0.21947	0.89776	0.3819	-0.070054	-0.37594	0.92399
2.952	0.1976	0.74968	-0.004282	0.97314	-0.2297	-0.015431	0.21912	0.90361	0.36808	-0.070603	-0.36157	0.92967
2.962	0.19757	0.74971	-0.0042645	0.97318	-0.22979	-0.011101	0.21874	0.90927	0.3541	-0.071273	-0.34703	0.93514
2.972	0.19755	0.74973	-0.0042538	0.97321	-0.22981	-0.0070267	0.21844	0.91464	0.34019	-0.071752	-0.33261	0.94033
2.982	0.19753	0.74975	-0.004215	0.97324	-0.22977	-0.0027055	0.21807	0.91982	0.32616	-0.072454	-0.31802	0.94531
2.992	0.1975	0.74978	-0.0042005	0.97327	-0.22967	0.0012264	0.21783	0.92476	0.31204	-0.0728	-0.30343	0.95007
3.002	0.19748	0.7498	-0.0041774	0.9733	-0.22949	0.0051076	0.21762	0.92954	0.29765	-0.073056	-0.28859	0.95466
3.012	0.19746	0.74981	-0.0041687	0.97332	-0.22929	0.0089019	0.21745	0.93407	0.28325	-0.073261	-0.27376	0.95901
3.022	0.19743	0.74983	-0.0041612	0.97335	-0.22899	0.012629	0.21729	0.93841	0.26864	-0.073369	-0.25874	0.96316
3.032	0.19741	0.74985	-0.0041774	0.97337	-0.22867	0.015983	0.21726	0.94253	0.25383	-0.073107	-0.2436	0.96712
3.042	0.19739	0.74987	-0.0041985	0.97341	-0.22824	0.019458	0.21718	0.94658	0.23835	-0.072819	-0.22779	0.97098
3.052	0.19736	0.74987	-0.0042502	0.97345	-0.2278	0.022275	0.2173	0.95035	0.22277	-0.071916	-0.21201	0.97462
3.0621	0.19734	0.74989	-0.0042714	0.97349	-0.22727	0.02565	0.21725	0.95392	0.20697	-0.071506	-0.19591	0.97801
3.0721	0.19732	0.7499	-0.0042832	0.97352	-0.22674	0.029024	0.21722	0.95716	0.19147	-0.071194	-0.18009	0.98107
3.0821	0.1973	0.74991	-0.0043188	0.97358	-0.22614	0.031664	0.2173	0.96014	0.17583	-0.070164	-0.1643	0.98391
3.0921	0.19727	0.74992	-0.0043597	0.97364	-0.22552	0.034209	0.21738	0.96281	0.16044	-0.069119	-0.14877	0.98645
3.1021	0.19725	0.74994	-0.0043982	0.9737	-0.22482	0.036812	0.21741	0.9653	0.14465	-0.068056	-0.13285	0.9888
3.1121	0.19723	0.74994	-0.0044744	0.97379	-0.22413	0.038822	0.21755	0.96751	0.12884	-0.066437	-0.11701	0.99091
3.1221	0.1972	0.74996	-0.0045304	0.97386	-0.22338	0.041181	0.21758	0.96945	0.11325	-0.065221	-0.10133	0.99271
3.1321	0.19718	0.74996	-0.0046163	0.97396	-0.22261	0.042973	0.21767	0.97114	0.097505	-0.063438	-0.085612	0.99431
3.1421	0.19715	0.74998	-0.0047167	0.97408	-0.2218	0.044486	0.21774	0.97259	0.081544	-0.061354	-0.069744	0.99568
3.1521	0.19712	0.74999	-0.0048018	0.97418	-0.22095	0.046362	0.21774	0.97379	0.065682	-0.059659	-0.053891	0.99676
3.1621	0.1971	0.75	-0.0048873	0.9743	-0.2201	0.047963	0.21775	0.97473	0.049804	-0.057713	-0.03808	0.99761
3.1721	0.19707	0.75001	-0.004974	0.97441	-0.21925	0.049611	0.21772	0.9754	0.034405	-0.055934	-0.022723	0.99818
3.1821	0.19705	0.75002	-0.004982	0.97447	-0.21862	0.051136	0.21777	0.97576	0.021706	-0.054642	-0.010016	0.99846
3.1921	0.19703	0.75003	-0.004841	0.97433	-0.21853	0.054161	0.21781	0.97581	0.018934	-0.056988	-0.0066513	0.99835
3.2021	0.19701	0.75004	-0.0048282	0.97434	-0.21857	0.053685	0.21791	0.97581	0.017881	-0.056294	-0.0057239	0.9984
3.2122	0.19698	0.75005	-0.0049199	0.97446	-0.21868	0.051112	0.21801	0.97577	0.018479	-0.053914	-0.0068638	0.99852
3.2222	0.19696	0.75006	-0.0050426	0.97461	-0.21876	0.04777	0.21807	0.97574	0.019237	-0.05082	-0.0083314	0.99867
3.2322	0.19693	0.75007	-0.0051764	0.97475	-0.21885	0.044432	0.21813	0.9757	0.020517	-0.047842	-0.010307	0.9988
3.2422	0.1969	0.75008	-0.0052891	0.97487	-0.21891	0.041257	0.21818	0.97567	0.02137	-0.044931	-0.011832	0.99892
3.2522	0.19687	0.75009	-0.0053853	0.97497	-0.21896	0.038585	0.21823	0.97564	0.022356	-0.042541	-0.013376	0.99901
3.2622	0.19685	0.7501	-0.0054717	0.97506	-0.21901	0.035958	0.21828	0.97561	0.023098	-0.04014	-0.014672	0.99909
3.2722	0.19682	0.75011	-0.0055517	0.97513	-0.21906	0.033539	0.21834	0.97558	0.024003	-0.037979	-0.016084	0.99915
3.2822	0.19679	0.75012	-0.005605	0.9752	-0.21907	0.031429	0.21837	0.97557	0.024217	-0.035966	-0.016753	0.99921
3.2922	0.19676	0.75013	-0.0056579	0.97525	-0.21911	0.029548	0.21842	0.97554	0.024898	-0.03428	-0.017828	0.99925
3.3022	0.19673	0.75015	-0.0057057	0.9753	-0.21912	0.027724	0.21846	0.97552	0.025038	-0.032532	-0.018363	0.9993
3.3122	0.19671	0.75016	-0.0057646	0.97535	-0.21916	0.02579	0.21851	0.9755	0.025651	-0.03078	-0.019383	0.99934
3.3222	0.19668	0.75017	-0.0058036	0.97539	-0.21917	0.024033	0.21856	0.97548	0.025856	-0.029111	-0.019967	0.99938
3.3322	0.19665	0.75018	-0.005846	0.97543	-0.2192	0.022251	0.21861	0.97546	0.026306	-0.027471	-0.020795	0.99941
3.3422	0.19662	0.75019	-0.0058828	0.97547	-0.2192	0.02045	0.21864	0.97544	0.026652	-0.02579	-0.021526	0.99944
3.3522	0.1966	0.7502	-0.0059134	0.97549	-0.21922	0.019105	0.21868	0.97542	0.026969	-0.024548	-0.02213	0.99945
3.3623	0.19657	0.75021	-0.0059375	0.97552	-0.21923	0.017413	0.21872	0.97541	0.027063	-0.022918	-0.022592	0.99948
3.3723	0.19654	0.75022	-0.0059717	0.97554	-0.21925	0.015912	0.21877	0.97539	0.027563	-0.021563	-0.023408	0.99949
3.3823	0.19651	0.75023	-0.0059932	0.97556	-0.21924	0.014402	0.2188	0.97538	0.027638	-0.020107	-0.023812	0.99951
3.3923	0.19648	0.75024	-0.0060201	0.97558	-0.21927	0.012844	0.21885	0.97536	0.027873	-0.018639	-0.024382	0.99953
3.4023	0.19645	0.75026	-0.0060425	0.9756	-0.21927	0.011234	0.21889	0.97535	0.028051	-0.017108	-0.024908	0.99954
3.4123	0.19642	0.75027	-0.0060724	0.97561	-0.21927	0.0099549	0.21892	0.97533	0.028325	-0.01592	-0.025455	0.99955
3.4223	0.1964	0.75028	-0.0060952	0.97563	-0.21928	0.0084652	0.21896	0.97532	0.028322	-0.014467	-0.025778	0.99956
3.4323	0.19637	0.75029	-0.006126	0.97564	-0.21929	0.0068357	0.21901	0.9753	0.028671	-0.012954	-0.026475	0.99957
3.4423	0.19634	0.7503	-0.0061411	0.97565	-0.21928	0.0056615	0.21904	0.9753	0.028528	-0.011777	-0.026593	0.99958
3.4523	0.19631	0.75031	-0.006163	0.97565	-0.21929	0.0043685	0.21908	0.97528	0.028885	-0.010595	-0.027225	0.99957
3.4623	0.19628	0.75032	-0.0061715	0.97566	-0.21929	0.002807	0.21912	0.97527	0.029014	-0.0091002	-0.027693	0.99958
3.4723	0.19625	0.75033	-0.0061859	0.97566	-0.21929	0.0012307	0.21916	0.97525	0.029405	-0.0076485	-0.02842	0.99957
3.4823	0.19623	0.75034	-0.0061839	0.97566	-0.21929	-6.9119e-006	0.21919	0.97524	0.029204	-0.0063974	-0.028495	0.99957
3.4923	0.1962	0.75035	-0.0061985	0.97566	-0.2193	-0.0014314	0.21925	0.97522	0.029694	-0.0051161	-0.029285	0.99956
3.5023	0.19617	0.75036	-0.0062006	0.97566	-0.21929	-0.0031985	0.21928	0.9752	0.029849	-0.0034264	-0.029824	0.99955
3.5124	0.19614	0.75037	-0.0062083	0.97565	-0.21929	-0.0042319	0.21931	0.97519	0.030171	-0.0024892	-0.030364	0.99954
3.5224	0.19611	0.75038	-0.0062055	0.97565	-0.21928	-0.0057045	0.21935	0.97518	0.030301	-0.0010815	-0.030814	0.99952
3.5324	0.19608	0.75039	-0.0062052	0.97564	-0.21928	-0.006737	0.21938	0.97516	0.03044	-0.00010508	-0.031176	0.99951
3.5424	0.19605	0.7504	-0.0062025	0.97563	-0.21927	-0.0078795	0.21941	0.97516	0.030422	0.001013	-0.03141	0.99951
3.5524	0.19602	0.75041	-0.006205	0.97562	-0.21927	-0.009345	0.21946	0.97514	0.030565	0.0024108	-0.03187	0.99949
3.5624	0.19599	0.75042	-0.0062053	0.97561	-0.21926	-0.01069	0.21949	0.97513	0.03073	0.0036863	-0.032327	0.99947
3.5724	0.19596	0.75043	-0.0062174	0.97559	-0.21926	-0.011934	0.21953	0.97511	0.031136	0.0048103	-0.032996	0.99944
3.5824	0.19593	0.75044	-0.0062088	0.97558	-0.21925	-0.013237	0.21957	0.9751	0.031223	0.0060611	-0.033367	0.99942
3.5924	0.1959	0.75045	-0.0062122	0.97556	-0.21925	-0.014404	0.2196	0.97508	0.031615	0.0071134	-0.034006	0.9994
