0	0.24189	0.83363	0.0019884	0.99	0.066866	-0.1242	-0.071745	0.9968	-0.035226	0.12145	0.043784	0.99163
0.0050251	0.24188	0.83365	0.0019023	0.98996	0.066901	-0.12452	-0.071741	0.99682	-0.03479	0.12179	0.043374	0.99161
0.01005	0.24188	0.83366	0.0017784	0.98992	0.06695	-0.12483	-0.071715	0.99684	-0.034079	0.12215	0.042688	0.99159
0.015075	0.24187	0.83368	0.0016329	0.9899	0.066995	-0.12495	-0.071662	0.99688	-0.033236	0.12233	0.041854	0.99161
0.020101	0.24187	0.8337	0.0014843	0.98988	0.067036	-0.12504	-0.0716	0.99691	-0.032362	0.12248	0.040988	0.99162
0.025126	0.24186	0.83371	0.0013485	0.98987	0.067073	-0.12511	-0.071542	0.99694	-0.031567	0.12261	0.040198	0.99164
0.030151	0.24185	0.83373	0.0012192	0.98987	0.067106	-0.12514	-0.071481	0.99697	-0.0308	0.12269	0.039433	0.99166
0.035176	0.24185	0.83374	0.0010895	0.98986	0.067136	-0.12515	-0.071417	0.99699	-0.030029	0.12276	0.038663	0.99168
0.040201	0.24184	0.83376	0.0009711	0.98986	0.067162	-0.12515	-0.071355	0.99702	-0.029325	0.12281	0.037958	0.9917
0.045226	0.24183	0.83377	0.00086658	0.98986	0.067184	-0.12515	-0.071301	0.99704	-0.028714	0.12285	0.037346	0.99172
0.050251	0.24182	0.83378	0.00076542	0.98986	0.067203	-0.12511	-0.071247	0.99706	-0.02813	0.12286	0.036759	0.99174
0.055276	0.24181	0.83379	0.00066114	0.98987	0.067219	-0.12505	-0.071187	0.99708	-0.02753	0.12283	0.036153	0.99177
0.060302	0.2418	0.8338	0.00056591	0.98988	0.067233	-0.12497	-0.071131	0.9971	-0.02699	0.1228	0.035606	0.99179
0.065327	0.24179	0.83382	0.0004834	0.98989	0.067243	-0.12488	-0.071082	0.99712	-0.026542	0.12273	0.03515	0.99182
0.070352	0.24178	0.83383	0.0004087	0.9899	0.06725	-0.12478	-0.071037	0.99713	-0.026145	0.12267	0.034746	0.99184
0.075377	0.24177	0.83384	0.00033474	0.98992	0.067256	-0.12465	-0.070988	0.99714	-0.025741	0.12256	0.03433	0.99187
0.080402	0.24176	0.83385	0.0002605	0.98994	0.067259	-0.12446	-0.070933	0.99716	-0.025324	0.1224	0.033898	0.9919
0.085427	0.24175	0.83386	0.00019627	0.98996	0.067259	-0.12431	-0.070885	0.99717	-0.024978	0.12228	0.033539	0.99193
0.090452	0.24174	0.83387	0.00013745	0.98998	0.067258	-0.12419	-0.070842	0.99718	-0.024667	0.12218	0.033217	0.99195
0.095477	0.24173	0.83388	6.936e-005	0.99	0.067257	-0.12397	-0.070789	0.9972	-0.024307	0.12199	0.03284	0.99199
0.1005	0.24171	0.83388	8.2865e-006	0.99003	0.067251	-0.12374	-0.070738	0.99721	-0.023998	0.12178	0.032512	0.99202
0.10553	0.2417	0.83389	-4.0706e-005	0.99005	0.067244	-0.12357	-0.070697	0.99721	-0.023771	0.12163	0.03227	0.99205
0.11055	0.24169	0.8339	-9.2067e-005	0.99007	0.067237	-0.12343	-0.070655	0.99722	-0.023516	0.12151	0.032004	0.99207
0.11558	0.24168	0.83391	-0.00014489	0.9901	0.067231	-0.12324	-0.070611	0.99723	-0.023261	0.12134	0.031733	0.9921
0.1206	0.24166	0.83392	-0.00019132	0.99012	0.06722	-0.12306	-0.070568	0.99724	-0.023047	0.12117	0.031503	0.99213
0.12563	0.24165	0.83393	-0.00023395	0.99013	0.067211	-0.12295	-0.070532	0.99725	-0.022862	0.12108	0.031309	0.99215
0.13065	0.24164	0.83393	-0.00027463	0.99015	0.067201	-0.12282	-0.070495	0.99725	-0.02267	0.12096	0.031104	0.99217
0.13568	0.24162	0.83394	-0.00032292	0.99017	0.06719	-0.1227	-0.070451	0.99726	-0.022427	0.12086	0.030851	0.99219
0.1407	0.24161	0.83395	-0.00036262	0.99018	0.06718	-0.12263	-0.070412	0.99727	-0.022216	0.1208	0.030633	0.9922
0.14573	0.24159	0.83396	-0.00039265	0.99018	0.067168	-0.1226	-0.07038	0.99728	-0.022058	0.12078	0.03047	0.99221
0.15075	0.24158	0.83397	-0.00042503	0.99019	0.067156	-0.12251	-0.070345	0.99728	-0.02189	0.1207	0.030293	0.99223
0.15578	0.24157	0.83397	-0.00046371	0.99022	0.067142	-0.12232	-0.070303	0.99729	-0.021704	0.12054	0.030092	0.99225
0.1608	0.24155	0.83398	-0.00049839	0.99024	0.067127	-0.12217	-0.070264	0.9973	-0.021551	0.12039	0.029925	0.99228
0.16583	0.24154	0.83399	-0.00052078	0.99025	0.06711	-0.12208	-0.070235	0.9973	-0.021465	0.12031	0.02983	0.99229
0.17085	0.24152	0.834	-0.00054445	0.99026	0.067095	-0.12201	-0.070203	0.9973	-0.021347	0.12025	0.029704	0.9923
0.17588	0.24151	0.83401	-0.00057632	0.99028	0.06708	-0.12186	-0.070164	0.99731	-0.021185	0.12012	0.02953	0.99232
0.1809	0.24149	0.83401	-0.00059495	0.99029	0.067062	-0.12175	-0.070131	0.99731	-0.021093	0.12001	0.029427	0.99234
0.18593	0.24148	0.83402	-0.00061035	0.9903	0.067045	-0.12169	-0.070103	0.99732	-0.021021	0.11996	0.029349	0.99235
0.19095	0.24146	0.83403	-0.00063371	0.99032	0.067028	-0.12157	-0.070069	0.99732	-0.020905	0.11984	0.029221	0.99236
0.19598	0.24145	0.83404	-0.00065994	0.99034	0.06701	-0.1214	-0.070031	0.99733	-0.02078	0.11968	0.029081	0.99239
0.20101	0.24143	0.83404	-0.00067676	0.99035	0.066991	-0.1213	-0.069999	0.99733	-0.020706	0.11958	0.028997	0.9924
0.20603	0.24142	0.83405	-0.00069004	0.99035	0.066972	-0.12132	-0.069973	0.99734	-0.020643	0.11961	0.028932	0.9924
0.21106	0.2414	0.83406	-0.00070325	0.99036	0.066956	-0.12125	-0.069946	0.99734	-0.020572	0.11955	0.028855	0.99241
0.21608	0.24139	0.83406	-0.0007251	0.99038	0.066936	-0.12109	-0.069911	0.99734	-0.020482	0.1194	0.028751	0.99243
0.22111	0.24137	0.83407	-0.00074879	0.9904	0.066917	-0.12093	-0.069874	0.99735	-0.020381	0.11924	0.028635	0.99245
0.22613	0.24136	0.83408	-0.00076494	0.99042	0.066896	-0.1208	-0.069843	0.99735	-0.020325	0.11912	0.028567	0.99247
0.23116	0.24134	0.83409	-0.00078039	0.99044	0.066876	-0.12065	-0.06981	0.99735	-0.020256	0.11898	0.028485	0.99249
0.23618	0.24133	0.83409	-0.00080789	0.99047	0.066856	-0.12039	-0.069767	0.99736	-0.020131	0.11873	0.028339	0.99252
0.24121	0.24131	0.8341	-0.00082733	0.9905	0.066832	-0.12016	-0.069729	0.99736	-0.020062	0.11851	0.02825	0.99255
0.24623	0.2413	0.83411	-0.00084169	0.99052	0.06681	-0.11999	-0.069697	0.99737	-0.020027	0.11833	0.0282	0.99257
0.25126	0.24128	0.83412	-0.00085901	0.99054	0.066788	-0.11985	-0.069661	0.99737	-0.01994	0.1182	0.028101	0.99259
0.25628	0.24127	0.83412	-0.00088354	0.99057	0.066768	-0.11961	-0.06962	0.99738	-0.019822	0.11797	0.027963	0.99262
0.26131	0.24125	0.83413	-0.00090343	0.99061	0.066743	-0.11935	-0.069578	0.99738	-0.019738	0.11772	0.027857	0.99266
0.26633	0.24124	0.83414	-0.00092028	0.99062	0.06672	-0.11921	-0.069541	0.99739	-0.019656	0.11759	0.027762	0.99267
0.27136	0.24122	0.83415	-0.00093532	0.99064	0.066699	-0.11909	-0.069506	0.99739	-0.019574	0.11748	0.027669	0.99269
0.27638	0.2412	0.83415	-0.00095939	0.99066	0.066677	-0.11891	-0.069465	0.99739	-0.019449	0.1173	0.027528	0.99271
0.28141	0.24119	0.83416	-0.00097949	0.99069	0.066654	-0.11874	-0.069422	0.9974	-0.019324	0.11714	0.027387	0.99274
0.28643	0.24117	0.83417	-0.00099355	0.9907	0.066631	-0.11865	-0.069384	0.9974	-0.019218	0.11706	0.027271	0.99275
0.29146	0.24116	0.83418	-0.0010122	0.99072	0.06661	-0.11852	-0.069343	0.99741	-0.019089	0.11694	0.02713	0.99277
0.29648	0.24114	0.83418	-0.001037	0.99074	0.066588	-0.11836	-0.069297	0.99742	-0.018925	0.11679	0.026952	0.99279
0.30151	0.24113	0.83419	-0.0010575	0.99076	0.066565	-0.11818	-0.069253	0.99742	-0.018785	0.11662	0.026796	0.99281
0.30653	0.24111	0.8342	-0.0010744	0.99078	0.066541	-0.11801	-0.069211	0.99743	-0.01867	0.11646	0.026665	0.99284
0.31156	0.2411	0.83421	-0.0010912	0.9908	0.066517	-0.11789	-0.069169	0.99743	-0.018545	0.11636	0.026529	0.99285
0.31658	0.24108	0.83422	-0.0011153	0.99083	0.066495	-0.11766	-0.069123	0.99744	-0.018394	0.11613	0.026358	0.99288
0.32161	0.24107	0.83422	-0.0011287	0.99084	0.066469	-0.11753	-0.069081	0.99744	-0.01829	0.11601	0.026242	0.9929
0.32663	0.24105	0.83423	-0.0011413	0.99085	0.066446	-0.11746	-0.069043	0.99745	-0.018178	0.11596	0.026122	0.99291
0.33166	0.24104	0.83424	-0.0011577	0.99086	0.066423	-0.11738	-0.069002	0.99745	-0.018038	0.11589	0.025973	0.99292
0.33668	0.24102	0.83425	-0.0011766	0.99089	0.0664	-0.1172	-0.068958	0.99746	-0.017906	0.11571	0.025824	0.99295
0.34171	0.241	0.83426	-0.0011962	0.99091	0.066375	-0.11705	-0.068911	0.99746	-0.017753	0.11557	0.025657	0.99297
0.34673	0.24099	0.83427	-0.001213	0.99092	0.066351	-0.11697	-0.068869	0.99747	-0.017616	0.11551	0.025512	0.99298
0.35176	0.24097	0.83427	-0.0012283	0.99093	0.066327	-0.11683	-0.068824	0.99748	-0.017473	0.11537	0.025355	0.993
0.35678	0.24096	0.83428	-0.0012474	0.99095	0.066301	-0.11672	-0.068775	0.99748	-0.017299	0.11528	0.02517	0.99301
0.36181	0.24094	0.83429	-0.0012576	0.99095	0.066275	-0.11677	-0.068734	0.99749	-0.017155	0.11534	0.025026	0.99301
0.36683	0.24093	0.8343	-0.0012673	0.99094	0.066252	-0.11681	-0.068697	0.99749	-0.017018	0.11539	0.024888	0.99301
0.37186	0.24091	0.83431	-0.0012811	0.99095	0.066228	-0.11676	-0.068652	0.9975	-0.01686	0.11535	0.024723	0.99302
0.37688	0.2409	0.83432	-0.001297	0.99096	0.066201	-0.11667	-0.068604	0.9975	-0.016699	0.11528	0.024552	0.99303
0.38191	0.24088	0.83433	-0.001305	0.99097	0.066174	-0.11666	-0.068563	0.99751	-0.016585	0.11527	0.024434	0.99303
0.38693	0.24086	0.83434	-0.0013082	0.99097	0.066146	-0.11663	-0.068525	0.99751	-0.016497	0.11525	0.02434	0.99304
0.39196	0.24085	0.83435	-0.0013159	0.99098	0.066118	-0.11658	-0.068481	0.99752	-0.016375	0.11521	0.024211	0.99305
0.39698	0.24083	0.83436	-0.0013287	0.99099	0.06609	-0.1165	-0.068435	0.99752	-0.016236	0.11514	0.024063	0.99306
0.40201	0.24082	0.83436	-0.0013351	0.991	0.06606	-0.11642	-0.068393	0.99753	-0.016156	0.11507	0.023973	0.99307
0.40704	0.2408	0.83437	-0.0013383	0.991	0.06603	-0.11641	-0.068355	0.99753	-0.016087	0.11506	0.023899	0.99307
0.41206	0.24078	0.83438	-0.0013446	0.99101	0.066002	-0.11637	-0.068314	0.99754	-0.015992	0.11503	0.023798	0.99308
0.41709	0.24077	0.83439	-0.001353	0.99102	0.065972	-0.11628	-0.068273	0.99754	-0.015917	0.11495	0.023713	0.99309
0.42211	0.24075	0.8344	-0.0013576	0.99103	0.065941	-0.11622	-0.068236	0.99754	-0.015876	0.11489	0.023664	0.9931
0.42714	0.24074	0.83441	-0.0013591	0.99103	0.065911	-0.11621	-0.068202	0.99755	-0.01585	0.11488	0.023634	0.9931
0.43216	0.24072	0.83442	-0.0013621	0.99104	0.065881	-0.11616	-0.068167	0.99755	-0.015818	0.11483	0.023594	0.9931
0.43719	0.24071	0.83442	-0.0013687	0.99105	0.06585	-0.11608	-0.068129	0.99755	-0.015774	0.11476	0.023542	0.99311
0.44221	0.24069	0.83443	-0.0013706	0.99106	0.065818	-0.11604	-0.068094	0.99755	-0.015754	0.11472	0.023515	0.99312
0.44724	0.24067	0.83444	-0.0013641	0.99106	0.065787	-0.1161	-0.068067	0.99756	-0.015779	0.11478	0.02354	0.99311
0.45226	0.24066	0.83445	-0.0013621	0.99106	0.065757	-0.11605	-0.068036	0.99756	-0.015781	0.11473	0.023536	0.99312
0.45729	0.24064	0.83446	-0.0013638	0.99106	0.065726	-0.11608	-0.068001	0.99756	-0.015745	0.11476	0.023498	0.99312
0.46231	0.24063	0.83447	-0.0013611	0.99106	0.065695	-0.11611	-0.067967	0.99756	-0.015713	0.1148	0.023464	0.99311
0.46734	0.24061	0.83447	-0.0013526	0.99105	0.065664	-0.11623	-0.067937	0.99757	-0.015702	0.11492	0.023458	0.9931
0.47236	0.24059	0.83448	-0.0013505	0.99104	0.065634	-0.11629	-0.067902	0.99757	-0.015645	0.11498	0.023402	0.99309
0.47739	0.24058	0.83449	-0.0013523	0.99104	0.065602	-0.11631	-0.067862	0.99757	-0.015569	0.11501	0.023323	0.99309
0.48241	0.24056	0.8345	-0.0013498	0.99103	0.06557	-0.11642	-0.067827	0.99758	-0.015527	0.11512	0.023284	0.99308
0.48744	0.24054	0.8345	-0.0013439	0.99102	0.065539	-0.11657	-0.067798	0.99758	-0.015515	0.11527	0.023279	0.99306
0.49246	0.24053	0.83451	-0.0013403	0.991	0.065508	-0.1167	-0.067766	0.99758	-0.015485	0.1154	0.023253	0.99305
0.49749	0.24051	0.83452	-0.0013419	0.991	0.065476	-0.11676	-0.06773	0.99758	-0.015442	0.11547	0.023211	0.99304
0.50251	0.24049	0.83453	-0.0013334	0.99098	0.065442	-0.11694	-0.067701	0.99759	-0.015446	0.11565	0.023224	0.99302
0.50754	0.24048	0.83453	-0.0013255	0.99096	0.065411	-0.11714	-0.067677	0.99759	-0.015469	0.11585	0.023257	0.99299
0.51256	0.24046	0.83454	-0.0013217	0.99094	0.065379	-0.11733	-0.067649	0.99759	-0.015469	0.11603	0.023266	0.99297
0.51759	0.24044	0.83455	-0.0013211	0.99093	0.065347	-0.11744	-0.067619	0.99759	-0.015463	0.11615	0.023264	0.99296
0.52261	0.24042	0.83456	-0.0013131	0.99091	0.065313	-0.11761	-0.067594	0.99759	-0.015504	0.11631	0.023312	0.99294
0.52764	0.24041	0.83456	-0.0013045	0.99089	0.06528	-0.11777	-0.067569	0.99759	-0.015549	0.11647	0.023364	0.99292
0.53266	0.24039	0.83457	-0.0012987	0.99088	0.065247	-0.11794	-0.067539	0.9976	-0.015539	0.11664	0.023363	0.9929
0.53769	0.24037	0.83458	-0.0012982	0.99086	0.065214	-0.11805	-0.067502	0.9976	-0.015491	0.11676	0.023319	0.99289
0.54271	0.24035	0.83458	-0.0012909	0.99084	0.065179	-0.11825	-0.067468	0.9976	-0.015458	0.11696	0.023295	0.99286
0.54774	0.24034	0.83459	-0.0012826	0.99082	0.065146	-0.1185	-0.067438	0.9976	-0.015433	0.11721	0.023282	0.99283
0.55276	0.24032	0.8346	-0.001285	0.9908	0.065113	-0.11865	-0.067398	0.99761	-0.015343	0.11736	0.023198	0.99282
0.55779	0.2403	0.83461	-0.0012876	0.99078	0.065078	-0.1188	-0.067353	0.99761	-0.015235	0.11752	0.023096	0.9928
0.56281	0.24028	0.83461	-0.0012862	0.99076	0.065042	-0.11901	-0.067313	0.99762	-0.015162	0.11774	0.023033	0.99278
0.56784	0.24026	0.83462	-0.0012821	0.99072	0.065008	-0.11933	-0.067279	0.99762	-0.015101	0.11807	0.022989	0.99274
0.57286	0.24025	0.83463	-0.0012863	0.9907	0.064975	-0.11951	-0.06724	0.99762	-0.015013	0.11826	0.02291	0.99272
0.57789	0.24023	0.83463	-0.0012918	0.99069	0.064939	-0.11968	-0.067196	0.99763	-0.014922	0.11842	0.022825	0.9927
0.58291	0.24021	0.83464	-0.0012953	0.99067	0.064903	-0.11987	-0.067153	0.99763	-0.014828	0.11862	0.022739	0.99268
0.58794	0.24019	0.83465	-0.0013026	0.99064	0.064867	-0.12008	-0.06711	0.99764	-0.01472	0.11884	0.022641	0.99266
0.59296	0.24017	0.83466	-0.0013101	0.99062	0.064832	-0.12027	-0.067064	0.99764	-0.014605	0.11904	0.022534	0.99263
0.59799	0.24015	0.83466	-0.0013226	0.9906	0.064798	-0.12047	-0.067016	0.99765	-0.014449	0.11925	0.022387	0.99261
0.60302	0.24014	0.83467	-0.0013344	0.99059	0.064763	-0.12058	-0.066964	0.99765	-0.014288	0.11937	0.022228	0.9926
0.60804	0.24012	0.83468	-0.0013425	0.99057	0.064728	-0.12073	-0.066914	0.99766	-0.01414	0.11954	0.022086	0.99258
0.61307	0.2401	0.83469	-0.0013587	0.99056	0.064694	-0.12084	-0.066857	0.99767	-0.013928	0.11965	0.021875	0.99257
0.61809	0.24008	0.8347	-0.0013791	0.99055	0.06466	-0.12091	-0.066796	0.99767	-0.013693	0.11975	0.02164	0.99257
0.62312	0.24006	0.83471	-0.0013956	0.99054	0.064624	-0.12102	-0.066735	0.99768	-0.013467	0.11987	0.021416	0.99256
0.62814	0.24004	0.83472	-0.0014055	0.99052	0.064591	-0.12124	-0.066682	0.99769	-0.01326	0.1201	0.021219	0.99253
0.63317	0.24003	0.83473	-0.0014188	0.99051	0.064559	-0.12133	-0.066624	0.99769	-0.013035	0.1202	0.020994	0.99253
0.63819	0.24001	0.83473	-0.0014356	0.99051	0.064523	-0.12137	-0.066557	0.9977	-0.012779	0.12027	0.020735	0.99252
0.64322	0.23999	0.83474	-0.0014526	0.9905	0.064488	-0.12147	-0.066493	0.99771	-0.012519	0.12039	0.020477	0.99252
0.64824	0.23997	0.83475	-0.0014704	0.9905	0.064454	-0.12149	-0.06643	0.99772	-0.012284	0.12042	0.020238	0.99252
0.65327	0.23995	0.83476	-0.0014925	0.99051	0.064417	-0.1214	-0.06636	0.99772	-0.012021	0.12035	0.019963	0.99253
0.65829	0.23994	0.83477	-0.0015176	0.99053	0.064379	-0.12124	-0.066286	0.99773	-0.01176	0.12021	0.019685	0.99255
0.66332	0.23992	0.83478	-0.0015383	0.99055	0.064338	-0.12111	-0.066213	0.99774	-0.011517	0.12009	0.019426	0.99257
0.66834	0.2399	0.83479	-0.0015561	0.99056	0.064299	-0.12104	-0.066143	0.99775	-0.011275	0.12004	0.019175	0.99258
0.67337	0.23988	0.8348	-0.0015813	0.99059	0.064261	-0.12085	-0.06607	0.99775	-0.011014	0.11987	0.018895	0.99261
0.67839	0.23986	0.83481	-0.0016122	0.99063	0.064222	-0.12056	-0.065993	0.99776	-0.01075	0.1196	0.018605	0.99265
0.68342	0.23985	0.83482	-0.0016409	0.99068	0.064179	-0.12016	-0.065916	0.99777	-0.010533	0.11921	0.018355	0.9927
0.68844	0.23983	0.83484	-0.0016717	0.99073	0.064135	-0.11976	-0.065839	0.99778	-0.010322	0.11883	0.018111	0.99275
0.69347	0.23981	0.83485	-0.0017081	0.99078	0.064094	-0.11935	-0.065759	0.99778	-0.010064	0.11844	0.01782	0.9928
0.69849	0.2398	0.83486	-0.0017462	0.99085	0.064049	-0.11884	-0.065676	0.99779	-0.0098232	0.11794	0.017538	0.99287
0.70352	0.23978	0.83487	-0.0017839	0.9909	0.064005	-0.11837	-0.065594	0.9978	-0.0095722	0.1175	0.017249	0.99292
0.70854	0.23976	0.83488	-0.0018204	0.99097	0.063959	-0.11785	-0.065508	0.99781	-0.009313	0.117	0.016949	0.99299
0.71357	0.23975	0.83489	-0.0018601	0.99104	0.063914	-0.11732	-0.065419	0.99782	-0.0090181	0.11648	0.016612	0.99305
0.71859	0.23973	0.8349	-0.0019053	0.99111	0.063865	-0.11669	-0.065323	0.99783	-0.0087091	0.11588	0.016255	0.99313
0.72362	0.23971	0.83492	-0.0019454	0.99118	0.063814	-0.11611	-0.065231	0.99783	-0.0084374	0.11532	0.015937	0.9932
0.72864	0.2397	0.83493	-0.0019837	0.99125	0.063763	-0.11556	-0.065139	0.99784	-0.0081634	0.11479	0.015619	0.99327
0.73367	0.23968	0.83494	-0.0020263	0.99132	0.063713	-0.11496	-0.065044	0.99785	-0.0078562	0.11421	0.015266	0.99334
0.73869	0.23966	0.83495	-0.0020727	0.9914	0.063659	-0.1143	-0.064944	0.99786	-0.0075514	0.11358	0.01491	0.99342
0.74372	0.23964	0.83497	-0.0021151	0.99148	0.063604	-0.11369	-0.064848	0.99787	-0.0072759	0.11298	0.014586	0.99349
0.74874	0.23963	0.83498	-0.0021536	0.99155	0.063552	-0.11306	-0.064758	0.99788	-0.007022	0.11238	0.014284	0.99356
0.75377	0.23961	0.83499	-0.002194	0.99164	0.063495	-0.11232	-0.064662	0.99788	-0.0067719	0.11165	0.013978	0.99365
0.75879	0.23959	0.835	-0.0022381	0.99173	0.063437	-0.11155	-0.064566	0.99789	-0.0065357	0.1109	0.013684	0.99374
0.76382	0.23958	0.83502	-0.0022776	0.99182	0.063376	-0.11077	-0.064473	0.9979	-0.0063422	0.11014	0.013432	0.99383
0.76884	0.23956	0.83503	-0.0023118	0.99191	0.063318	-0.11003	-0.064386	0.99791	-0.0061758	0.10941	0.01321	0.99391
0.77387	0.23954	0.83504	-0.0023524	0.99201	0.063259	-0.10914	-0.064296	0.99791	-0.0060128	0.10853	0.012982	0.99401
0.77889	0.23953	0.83505	-0.0023971	0.99212	0.063197	-0.10821	-0.064203	0.99792	-0.005838	0.10761	0.012739	0.99411
0.78392	0.23951	0.83507	-0.0024373	0.99222	0.063133	-0.10726	-0.06411	0.99793	-0.0056842	0.10668	0.012516	0.99421
0.78894	0.2395	0.83508	-0.0024752	0.99233	0.063068	-0.1063	-0.064017	0.99793	-0.0055353	0.10573	0.012298	0.99432
0.79397	0.23948	0.83509	-0.0025201	0.99244	0.063004	-0.1053	-0.063921	0.99794	-0.0053586	0.10474	0.012049	0.99443
0.79899	0.23946	0.8351	-0.0025666	0.99256	0.062935	-0.10425	-0.06382	0.99795	-0.005173	0.10371	0.011788	0.99454
0.80402	0.23945	0.83512	-0.0026105	0.99267	0.062866	-0.10325	-0.063721	0.99796	-0.0049939	0.10273	0.011537	0.99464
0.80905	0.23943	0.83513	-0.0026541	0.99278	0.062797	-0.10223	-0.063622	0.99796	-0.0048229	0.10172	0.011292	0.99475
0.81407	0.23941	0.83514	-0.0027016	0.99289	0.062728	-0.10117	-0.063519	0.99797	-0.0046137	0.10067	0.011007	0.99486
0.8191	0.2394	0.83516	-0.0027536	0.99301	0.062656	-0.1	-0.063413	0.99798	-0.0044058	0.099526	0.010717	0.99498
0.82412	0.23938	0.83517	-0.0028024	0.99313	0.062579	-0.098844	-0.063305	0.99799	-0.004229	0.09838	0.010457	0.99509
0.82915	0.23936	0.83518	-0.0028507	0.99325	0.062504	-0.097683	-0.063201	0.99799	-0.004061	0.097233	0.010207	0.99521
0.83417	0.23935	0.83519	-0.0029059	0.99338	0.062426	-0.096416	-0.06309	0.998	-0.0038561	0.095983	0.0099135	0.99533
0.8392	0.23933	0.83521	-0.0029641	0.99351	0.062343	-0.095103	-0.062974	0.99801	-0.0036435	0.094686	0.0096089	0.99546
0.84422	0.23931	0.83522	-0.0030182	0.99364	0.062259	-0.093818	-0.062862	0.99802	-0.0034861	0.093415	0.0093615	0.99558
0.84925	0.2393	0.83523	-0.0030693	0.99377	0.062177	-0.092547	-0.062758	0.99802	-0.0033697	0.092155	0.0091567	0.9957
0.85427	0.23928	0.83525	-0.003125	0.99389	0.062093	-0.091218	-0.062648	0.99803	-0.0032359	0.090838	0.0089309	0.99583
0.8593	0.23926	0.83526	-0.0031809	0.99402	0.06201	-0.08988	-0.062542	0.99804	-0.0031079	0.089511	0.0087106	0.99595
0.86432	0.23925	0.83527	-0.0032332	0.99415	0.061923	-0.088494	-0.062433	0.99804	-0.0030069	0.088134	0.0085142	0.99607
0.86935	0.23923	0.83529	-0.0032834	0.99427	0.061835	-0.087154	-0.062325	0.99805	-0.0029017	0.086805	0.0083169	0.99619
0.87437	0.23921	0.8353	-0.0033347	0.9944	0.061752	-0.085786	-0.062221	0.99806	-0.0027989	0.085446	0.0081208	0.99631
0.8794	0.2392	0.83531	-0.0033857	0.99453	0.061661	-0.084345	-0.062112	0.99807	-0.0027241	0.084014	0.007948	0.99643
0.88442	0.23918	0.83533	-0.0034328	0.99464	0.061572	-0.083013	-0.062006	0.99807	-0.0026578	0.082689	0.0077908	0.99654
0.88945	0.23916	0.83534	-0.0034806	0.99476	0.061487	-0.081703	-0.061904	0.99808	-0.0025837	0.081387	0.0076279	0.99665
0.89447	0.23915	0.83535	-0.0035303	0.99487	0.061401	-0.08034	-0.061801	0.99809	-0.0024955	0.080033	0.0074478	0.99676
0.8995	0.23913	0.83536	-0.0035788	0.99499	0.061313	-0.078996	-0.061697	0.99809	-0.0024248	0.078697	0.0072864	0.99687
0.90452	0.23911	0.83538	-0.0036231	0.99509	0.06123	-0.077707	-0.0616	0.9981	-0.0023734	0.077414	0.0071485	0.99697
0.90955	0.2391	0.83539	-0.0036646	0.9952	0.061149	-0.076363	-0.061506	0.9981	-0.002341	0.076075	0.0070266	0.99708
0.91457	0.23908	0.8354	-0.0037084	0.99532	0.061065	-0.074926	-0.061409	0.99811	-0.002305	0.074644	0.0068954	0.99719
0.9196	0.23906	0.83542	-0.0037542	0.99543	0.060977	-0.073525	-0.061308	0.99812	-0.0022593	0.073249	0.0067567	0.99729
0.92462	0.23905	0.83543	-0.0037951	0.99553	0.060896	-0.072232	-0.061218	0.99812	-0.002248	0.071959	0.0066598	0.99739
0.92965	0.23903	0.83544	-0.003835	0.99563	0.060817	-0.070894	-0.061129	0.99813	-0.0022458	0.070625	0.0065697	0.99748
0.93467	0.23902	0.83546	-0.0038776	0.99573	0.060737	-0.069505	-0.061039	0.99813	-0.0022384	0.069239	0.0064714	0.99758
0.9397	0.239	0.83547	-0.0039203	0.99583	0.060655	-0.068134	-0.060948	0.99814	-0.0022394	0.067871	0.0063828	0.99767
0.94472	0.23899	0.83548	-0.0039559	0.99592	0.060576	-0.066827	-0.060864	0.99814	-0.002283	0.066564	0.006341	0.99776
0.94975	0.23897	0.83549	-0.0039865	0.99601	0.060497	-0.065532	-0.060783	0.99815	-0.0023659	0.065267	0.0063396	0.99785
0.95477	0.23895	0.83551	-0.0040206	0.99611	0.060421	-0.064216	-0.060701	0.99815	-0.002422	0.063951	0.0063106	0.99793
0.9598	0.23894	0.83552	-0.0040535	0.99619	0.060341	-0.062894	-0.060617	0.99816	-0.0024935	0.062628	0.0062965	0.99802
0.96482	0.23892	0.83553	-0.0040791	0.99628	0.060263	-0.061652	-0.06054	0.99816	-0.0026202	0.06138	0.0063428	0.99809
0.96985	0.23891	0.83554	-0.0041049	0.99636	0.060188	-0.060448	-0.060464	0.99817	-0.0027534	0.060172	0.0063984	0.99817
0.97487	0.23889	0.83556	-0.0041333	0.99643	0.060116	-0.059265	-0.060392	0.99817	-0.0028863	0.058983	0.0064552	0.99824
0.9799	0.23888	0.83557	-0.0041582	0.9965	0.060043	-0.058123	-0.060321	0.99817	-0.0030409	0.057835	0.0065363	0.9983
0.98492	0.23886	0.83558	-0.004174	0.99657	0.059975	-0.057035	-0.060256	0.99818	-0.0032214	0.056737	0.006647	0.99837
0.98995	0.23885	0.83559	-0.0041888	0.99664	0.059905	-0.055941	-0.060189	0.99818	-0.0034109	0.055635	0.0067665	0.99843
0.99497	0.23883	0.8356	-0.0042069	0.9967	0.059836	-0.054909	-0.060122	0.99818	-0.0035625	0.054597	0.006852	0.99848
1	0.23882	0.83562	-0.0042224	0.99675	0.059769	-0.053949	-0.060056	0.99819	-0.0037115	0.05363	0.0069394	0.99854
