0	0	0	0.70711	0.70711	-0	0.70711	0	1	-0	-0.70711	0	0.70711
0.001001	-1.4722e-011	0	0.7071	0.70711	-0	0.70711	0	1	-0	-0.70711	0	0.70711
0.002002	-1.8357e-009	0	0.70709	0.70711	-0	0.70711	0	1	-0	-0.70711	0	0.70711
0.003003	-2.8767e-008	0	0.70706	0.70711	-0	0.70711	0	1	-0	-0.70711	0	0.70711
0.004004	-1.8741e-007	0	0.70703	0.70711	-0	0.7071	0	1	-0	-0.7071	0	0.70711
0.005005	-7.2905e-007	0	0.70699	0.70712	-0	0.7071	0	1	-0	-0.7071	0	0.70712
0.006006	-2.0491e-006	0	0.70693	0.70712	-0	0.70709	0	1	-0	-0.70709	0	0.70712
0.007007	-4.6274e-006	0	0.70687	0.70713	-0	0.70708	0	1	-0	-0.70708	0	0.70713
0.008008	-8.979e-006	0	0.70681	0.70714	-0	0.70707	0	1	-0	-0.70707	0	0.70714
0.009009	-1.5651e-005	0	0.70673	0.70715	-0	0.70706	0	1	-0	-0.70706	0	0.70715
0.01001	-2.5203e-005	0	0.70665	0.70717	-0	0.70704	0	1	-0	-0.70704	0	0.70717
0.011011	-3.8231e-005	0	0.70657	0.70719	-0	0.70702	0	1	-0	-0.70702	0	0.70719
0.012012	-5.5324e-005	0	0.70648	0.70721	-0	0.707	0	1	-0	-0.707	0	0.70721
0.013013	-7.7091e-005	0	0.70638	0.70724	-0	0.70697	0	1	-0	-0.70697	0	0.70724
0.014014	-0.00010411	0	0.70628	0.70728	-0	0.70694	0	1	-0	-0.70694	0	0.70728
0.015015	-0.00013696	0	0.70618	0.70731	-0	0.7069	0	1	-0	-0.7069	0	0.70731
0.016016	-0.0001762	0	0.70607	0.70736	-0	0.70685	0	1	-0	-0.70685	0	0.70736
0.017017	-0.00022229	0	0.70597	0.70741	-0	0.7068	0	1	-0	-0.7068	0	0.70741
0.018018	-0.00027565	0	0.70586	0.70747	-0	0.70674	0	1	-0	-0.70674	0	0.70747
0.019019	-0.00033666	0	0.70576	0.70754	-0	0.70667	0	1	-0	-0.70667	0	0.70754
0.02002	-0.0004056	0	0.70565	0.70762	-0	0.7066	0	1	-0	-0.7066	0	0.70762
0.021021	-0.00048269	0	0.70554	0.7077	-0	0.70651	0	1	-0	-0.70651	0	0.7077
0.022022	-0.00056809	0	0.70543	0.70779	-0	0.70642	0	1	-0	-0.70642	0	0.70779
0.023023	-0.00066184	0	0.70532	0.70789	-0	0.70632	0	1	-0	-0.70632	0	0.70789
0.024024	-0.00076392	0	0.70522	0.708	-0	0.70621	0	1	-0	-0.70621	0	0.708
0.025025	-0.00087429	0	0.70511	0.70812	-0	0.7061	0	1	-0	-0.7061	0	0.70812
0.026026	-0.00099276	0	0.705	0.70824	-0	0.70597	0	1	-0	-0.70597	0	0.70824
0.027027	-0.0011191	0	0.7049	0.70837	-0	0.70584	0	1	-0	-0.70584	0	0.70837
0.028028	-0.0012532	0	0.70479	0.70852	-0	0.7057	0	1	-0	-0.7057	0	0.70852
0.029029	-0.0013945	0	0.70468	0.70866	-0	0.70555	0	1	-0	-0.70555	0	0.70866
0.03003	-0.0015428	0	0.70457	0.70882	-0	0.70539	0	1	-0	-0.70539	0	0.70882
0.031031	-0.0016977	0	0.70445	0.70898	-0	0.70523	0	1	-0	-0.70523	0	0.70898
0.032032	-0.0018588	0	0.70434	0.70915	-0	0.70506	0	1	-0	-0.70506	0	0.70915
0.033033	-0.0020256	0	0.70422	0.70932	-0	0.70489	0	1	-0	-0.70489	0	0.70932
0.034034	-0.0021976	0	0.7041	0.7095	-0	0.70471	0	1	-0	-0.70471	0	0.7095
0.035035	-0.0023745	0	0.70397	0.70968	-0	0.70452	0	1	-0	-0.70452	0	0.70968
0.036036	-0.0025556	0	0.70384	0.70987	-0	0.70433	0	1	-0	-0.70433	0	0.70987
0.037037	-0.0027407	0	0.70371	0.71006	-0	0.70414	0	1	-0	-0.70414	0	0.71006
0.038038	-0.0029292	0	0.70356	0.71026	-0	0.70394	0	1	-0	-0.70394	0	0.71026
0.039039	-0.0031207	0	0.70342	0.71045	-0	0.70374	0	1	-0	-0.70374	0	0.71045
0.04004	-0.0033148	0	0.70326	0.71065	-0	0.70354	0	1	-0	-0.70354	0	0.71065
0.041041	-0.0035111	0	0.7031	0.71086	-0	0.70334	0	1	-0	-0.70334	0	0.71086
0.042042	-0.0037094	0	0.70293	0.71106	-0	0.70313	0	1	-0	-0.70313	0	0.71106
0.043043	-0.0039092	0	0.70275	0.71127	-0	0.70292	0	1	-0	-0.70292	0	0.71127
0.044044	-0.0041104	0	0.70257	0.71148	-0	0.70271	0	1	-0	-0.70271	0	0.71148
0.045045	-0.0043127	0	0.70238	0.71168	-0	0.7025	0	1	-0	-0.7025	0	0.71168
0.046046	-0.0045161	0	0.70217	0.71189	-0	0.70229	0	1	-0	-0.70229	0	0.71189
0.047047	-0.0047204	0	0.70196	0.71211	-0	0.70207	0	1	-0	-0.70207	0	0.71211
0.048048	-0.0049256	0	0.70174	0.71232	-0	0.70186	0	1	-0	-0.70186	0	0.71232
0.049049	-0.0051318	0	0.70151	0.71253	-0	0.70164	0	1	-0	-0.70164	0	0.71253
0.05005	-0.0053391	0	0.70128	0.71274	-0	0.70142	0	1	-0	-0.70142	0	0.71274
0.051051	-0.0055477	0	0.70103	0.71296	-0	0.70121	0	1	-0	-0.70121	0	0.71296
0.052052	-0.0057577	0	0.70078	0.71318	-0	0.70099	0	1	-0	-0.70099	0	0.71318
0.053053	-0.0059696	0	0.70052	0.71339	-0	0.70076	0	1	-0	-0.70076	0	0.71339
0.054054	-0.0061837	0	0.70025	0.71361	-0	0.70054	0	1	-0	-0.70054	0	0.71361
0.055055	-0.0064003	0	0.69997	0.71384	-0	0.70031	0	1	-0	-0.70031	0	0.71384
0.056056	-0.0066198	0	0.69969	0.71406	-0	0.70008	0	1	-0	-0.70008	0	0.71406
0.057057	-0.0068429	0	0.69941	0.71429	-0	0.69985	0	1	-0	-0.69985	0	0.71429
0.058058	-0.0070699	0	0.69911	0.71453	-0	0.69961	0	1	-0	-0.69961	0	0.71453
0.059059	-0.0073012	0	0.69882	0.71476	-0	0.69936	0	1	-0	-0.69936	0	0.71476
0.06006	-0.0075375	0	0.69852	0.71501	-0	0.69912	0	1	-0	-0.69912	0	0.71501
0.061061	-0.0077792	0	0.69821	0.71526	-0	0.69886	0	1	-0	-0.69886	0	0.71526
0.062062	-0.0080266	0	0.6979	0.71551	-0	0.6986	0	1	-0	-0.6986	0	0.71551
0.063063	-0.0082802	0	0.69759	0.71577	-0	0.69834	0	1	-0	-0.69834	0	0.71577
0.064064	-0.0085404	0	0.69728	0.71604	-0	0.69806	0	1	-0	-0.69806	0	0.71604
0.065065	-0.0088074	0	0.69697	0.71631	-0	0.69778	0	1	-0	-0.69778	0	0.71631
0.066066	-0.0090816	0	0.69665	0.71659	-0	0.69749	0	1	-0	-0.69749	0	0.71659
0.067067	-0.0093631	0	0.69634	0.71688	-0	0.6972	0	1	-0	-0.6972	0	0.71688
0.068068	-0.009652	0	0.69602	0.71718	-0	0.69689	0	1	-0	-0.69689	0	0.71718
0.069069	-0.0099484	0	0.6957	0.71748	-0	0.69658	0	1	-0	-0.69658	0	0.71748
0.07007	-0.010252	0	0.69538	0.71779	-0	0.69626	0	1	-0	-0.69626	0	0.71779
0.071071	-0.010564	0	0.69506	0.71811	-0	0.69593	0	1	-0	-0.69593	0	0.71811
0.072072	-0.010883	0	0.69474	0.71843	-0	0.6956	0	1	-0	-0.6956	0	0.71843
0.073073	-0.011209	0	0.69442	0.71877	-0	0.69525	0	1	-0	-0.69525	0	0.71877
0.074074	-0.011542	0	0.69409	0.7191	-0	0.6949	0	1	-0	-0.6949	0	0.7191
0.075075	-0.011881	0	0.69376	0.71945	-0	0.69454	0	1	-0	-0.69454	0	0.71945
0.076076	-0.012227	0	0.69344	0.7198	-0	0.69418	0	1	-0	-0.69418	0	0.7198
0.077077	-0.01258	0	0.6931	0.72016	-0	0.69381	0	1	-0	-0.69381	0	0.72016
0.078078	-0.012937	0	0.69277	0.72053	-0	0.69343	0	1	-0	-0.69343	0	0.72053
0.079079	-0.013301	0	0.69243	0.7209	-0	0.69304	0	1	-0	-0.69304	0	0.7209
0.08008	-0.013669	0	0.69209	0.72127	-0	0.69265	0	1	-0	-0.69265	0	0.72127
0.081081	-0.014042	0	0.69174	0.72165	-0	0.69226	0	1	-0	-0.69226	0	0.72165
0.082082	-0.014419	0	0.69139	0.72204	-0	0.69186	0	1	-0	-0.69186	0	0.72204
0.083083	-0.0148	0	0.69103	0.72242	-0	0.69145	0	1	-0	-0.69145	0	0.72242
0.084084	-0.015184	0	0.69067	0.72281	-0	0.69104	0	1	-0	-0.69104	0	0.72281
0.085085	-0.015572	0	0.6903	0.72321	-0	0.69063	0	1	-0	-0.69063	0	0.72321
0.086086	-0.015962	0	0.68992	0.72361	-0	0.69021	0	1	-0	-0.69021	0	0.72361
0.087087	-0.016354	0	0.68954	0.724	-0	0.6898	0	1	-0	-0.6898	0	0.724
0.088088	-0.016748	0	0.68915	0.72441	-0	0.68937	0	1	-0	-0.68937	0	0.72441
0.089089	-0.017145	0	0.68875	0.72481	-0	0.68895	0	1	-0	-0.68895	0	0.72481
0.09009	-0.017543	0	0.68835	0.72521	-0	0.68852	0	1	-0	-0.68852	0	0.72521
0.091091	-0.017942	0	0.68793	0.72562	-0	0.6881	0	1	-0	-0.6881	0	0.72562
0.092092	-0.018343	0	0.68751	0.72603	-0	0.68767	0	1	-0	-0.68767	0	0.72603
0.093093	-0.018745	0	0.68708	0.72644	-0	0.68723	0	1	-0	-0.68723	0	0.72644
0.094094	-0.019149	0	0.68664	0.72685	-0	0.6868	0	1	-0	-0.6868	0	0.72685
0.095095	-0.019554	0	0.68619	0.72726	-0	0.68637	0	1	-0	-0.68637	0	0.72726
0.096096	-0.01996	0	0.68574	0.72767	-0	0.68593	0	1	-0	-0.68593	0	0.72767
0.097097	-0.020368	0	0.68528	0.72808	-0	0.68549	0	1	-0	-0.68549	0	0.72808
0.098098	-0.020777	0	0.68481	0.7285	-0	0.68505	0	1	-0	-0.68505	0	0.7285
0.099099	-0.021189	0	0.68433	0.72892	-0	0.6846	0	1	-0	-0.6846	0	0.72892
0.1001	-0.021604	0	0.68384	0.72934	-0	0.68415	0	1	-0	-0.68415	0	0.72934
0.1011	-0.022021	0	0.68335	0.72976	-0	0.6837	0	1	-0	-0.6837	0	0.72976
0.1021	-0.022441	0	0.68285	0.73019	-0	0.68324	0	1	-0	-0.68324	0	0.73019
0.1031	-0.022864	0	0.68235	0.73062	-0	0.68278	0	1	-0	-0.68278	0	0.73062
0.1041	-0.023292	0	0.68184	0.73106	-0	0.68232	0	1	-0	-0.68232	0	0.73106
0.10511	-0.023724	0	0.68133	0.73149	-0	0.68185	0	1	-0	-0.68185	0	0.73149
0.10611	-0.02416	0	0.68081	0.73194	-0	0.68137	0	1	-0	-0.68137	0	0.73194
0.10711	-0.024602	0	0.68029	0.73239	-0	0.68089	0	1	-0	-0.68089	0	0.73239
0.10811	-0.025049	0	0.67976	0.73284	-0	0.6804	0	1	-0	-0.6804	0	0.73284
0.10911	-0.025502	0	0.67923	0.7333	-0	0.6799	0	1	-0	-0.6799	0	0.7333
0.11011	-0.025962	0	0.6787	0.73377	-0	0.6794	0	1	-0	-0.6794	0	0.73377
0.11111	-0.026427	0	0.67817	0.73424	-0	0.67889	0	1	-0	-0.67889	0	0.73424
0.11211	-0.026899	0	0.67763	0.73472	-0	0.67837	0	1	-0	-0.67837	0	0.73472
0.11311	-0.027377	0	0.67709	0.7352	-0	0.67785	0	1	-0	-0.67785	0	0.7352
0.11411	-0.027863	0	0.67655	0.7357	-0	0.67731	0	1	-0	-0.67731	0	0.7357
0.11512	-0.028355	0	0.676	0.7362	-0	0.67677	0	1	-0	-0.67677	0	0.7362
0.11612	-0.028853	0	0.67546	0.7367	-0	0.67622	0	1	-0	-0.67622	0	0.7367
0.11712	-0.029359	0	0.67491	0.73721	-0	0.67566	0	1	-0	-0.67566	0	0.73721
0.11812	-0.029871	0	0.67436	0.73773	-0	0.67509	0	1	-0	-0.67509	0	0.73773
0.11912	-0.030389	0	0.67381	0.73826	-0	0.67452	0	1	-0	-0.67452	0	0.73826
0.12012	-0.030914	0	0.67325	0.73879	-0	0.67394	0	1	-0	-0.67394	0	0.73879
0.12112	-0.031444	0	0.67269	0.73933	-0	0.67335	0	1	-0	-0.67335	0	0.73933
0.12212	-0.03198	0	0.67213	0.73987	-0	0.67275	0	1	-0	-0.67275	0	0.73987
0.12312	-0.032521	0	0.67156	0.74042	-0	0.67215	0	1	-0	-0.67215	0	0.74042
0.12412	-0.033068	0	0.67099	0.74097	-0	0.67154	0	1	-0	-0.67154	0	0.74097
0.12513	-0.033618	0	0.67042	0.74153	-0	0.67092	0	1	-0	-0.67092	0	0.74153
0.12613	-0.034173	0	0.66984	0.74209	-0	0.6703	0	1	-0	-0.6703	0	0.74209
0.12713	-0.034733	0	0.66925	0.74266	-0	0.66967	0	1	-0	-0.66967	0	0.74266
0.12813	-0.035295	0	0.66866	0.74323	-0	0.66904	0	1	-0	-0.66904	0	0.74323
0.12913	-0.035861	0	0.66806	0.7438	-0	0.6684	0	1	-0	-0.6684	0	0.7438
0.13013	-0.03643	0	0.66746	0.74438	-0	0.66776	0	1	-0	-0.66776	0	0.74438
0.13113	-0.037001	0	0.66684	0.74496	-0	0.66711	0	1	-0	-0.66711	0	0.74496
0.13213	-0.037574	0	0.66623	0.74554	-0	0.66647	0	1	-0	-0.66647	0	0.74554
0.13313	-0.03815	0	0.6656	0.74612	-0	0.66581	0	1	-0	-0.66581	0	0.74612
0.13413	-0.038727	0	0.66497	0.7467	-0	0.66516	0	1	-0	-0.66516	0	0.7467
0.13514	-0.039306	0	0.66432	0.74729	-0	0.6645	0	1	-0	-0.6645	0	0.74729
0.13614	-0.039887	0	0.66367	0.74788	-0	0.66384	0	1	-0	-0.66384	0	0.74788
0.13714	-0.040469	0	0.66302	0.74846	-0	0.66318	0	1	-0	-0.66318	0	0.74846
0.13814	-0.041052	0	0.66235	0.74905	-0	0.66251	0	1	-0	-0.66251	0	0.74905
0.13914	-0.041637	0	0.66168	0.74965	-0	0.66184	0	1	-0	-0.66184	0	0.74965
0.14014	-0.042223	0	0.66099	0.75024	-0	0.66117	0	1	-0	-0.66117	0	0.75024
0.14114	-0.04281	0	0.6603	0.75083	-0	0.66049	0	1	-0	-0.66049	0	0.75083
0.14214	-0.043399	0	0.6596	0.75143	-0	0.65982	0	1	-0	-0.65982	0	0.75143
0.14314	-0.04399	0	0.6589	0.75203	-0	0.65913	0	1	-0	-0.65913	0	0.75203
0.14414	-0.044583	0	0.65818	0.75263	-0	0.65845	0	1	-0	-0.65845	0	0.75263
0.14515	-0.045179	0	0.65746	0.75323	-0	0.65776	0	1	-0	-0.65776	0	0.75323
0.14615	-0.045777	0	0.65674	0.75383	-0	0.65707	0	1	-0	-0.65707	0	0.75383
0.14715	-0.046378	0	0.656	0.75444	-0	0.65637	0	1	-0	-0.65637	0	0.75444
0.14815	-0.046983	0	0.65526	0.75505	-0	0.65566	0	1	-0	-0.65566	0	0.75505
0.14915	-0.047591	0	0.65452	0.75567	-0	0.65495	0	1	-0	-0.65495	0	0.75567
0.15015	-0.048204	0	0.65376	0.75629	-0	0.65424	0	1	-0	-0.65424	0	0.75629
0.15115	-0.048821	0	0.65301	0.75691	-0	0.65351	0	1	-0	-0.65351	0	0.75691
0.15215	-0.049442	0	0.65225	0.75754	-0	0.65278	0	1	-0	-0.65278	0	0.75754
0.15315	-0.050069	0	0.65148	0.75818	-0	0.65205	0	1	-0	-0.65205	0	0.75818
0.15415	-0.050701	0	0.65071	0.75882	-0	0.6513	0	1	-0	-0.6513	0	0.75882
0.15516	-0.051339	0	0.64994	0.75946	-0	0.65055	0	1	-0	-0.65055	0	0.75946
0.15616	-0.051982	0	0.64916	0.76011	-0	0.64979	0	1	-0	-0.64979	0	0.76011
0.15716	-0.052631	0	0.64838	0.76077	-0	0.64902	0	1	-0	-0.64902	0	0.76077
0.15816	-0.053286	0	0.6476	0.76143	-0	0.64824	0	1	-0	-0.64824	0	0.76143
0.15916	-0.053947	0	0.64681	0.7621	-0	0.64746	0	1	-0	-0.64746	0	0.7621
0.16016	-0.054614	0	0.64602	0.76278	-0	0.64666	0	1	-0	-0.64666	0	0.76278
0.16116	-0.055287	0	0.64523	0.76346	-0	0.64586	0	1	-0	-0.64586	0	0.76346
0.16216	-0.055965	0	0.64443	0.76414	-0	0.64505	0	1	-0	-0.64505	0	0.76414
0.16316	-0.05665	0	0.64363	0.76483	-0	0.64423	0	1	-0	-0.64423	0	0.76483
0.16416	-0.057339	0	0.64283	0.76553	-0	0.6434	0	1	-0	-0.6434	0	0.76553
0.16517	-0.058034	0	0.64202	0.76623	-0	0.64256	0	1	-0	-0.64256	0	0.76623
0.16617	-0.058733	0	0.6412	0.76694	-0	0.64172	0	1	-0	-0.64172	0	0.76694
0.16717	-0.059437	0	0.64039	0.76765	-0	0.64087	0	1	-0	-0.64087	0	0.76765
0.16817	-0.060146	0	0.63956	0.76837	-0	0.64001	0	1	-0	-0.64001	0	0.76837
0.16917	-0.060858	0	0.63873	0.76909	-0	0.63914	0	1	-0	-0.63914	0	0.76909
0.17017	-0.061574	0	0.6379	0.76981	-0	0.63827	0	1	-0	-0.63827	0	0.76981
0.17117	-0.062293	0	0.63705	0.77054	-0	0.63739	0	1	-0	-0.63739	0	0.77054
0.17217	-0.063016	0	0.63621	0.77127	-0	0.63651	0	1	-0	-0.63651	0	0.77127
0.17317	-0.06374	0	0.63535	0.772	-0	0.63562	0	1	-0	-0.63562	0	0.772
0.17417	-0.064468	0	0.63449	0.77274	-0	0.63473	0	1	-0	-0.63473	0	0.77274
0.17518	-0.065197	0	0.63362	0.77347	-0	0.63383	0	1	-0	-0.63383	0	0.77347
0.17618	-0.065928	0	0.63274	0.77421	-0	0.63293	0	1	-0	-0.63293	0	0.77421
0.17718	-0.066661	0	0.63186	0.77495	-0	0.63202	0	1	-0	-0.63202	0	0.77495
0.17818	-0.067395	0	0.63096	0.77569	-0	0.63111	0	1	-0	-0.63111	0	0.77569
0.17918	-0.06813	0	0.63006	0.77643	-0	0.6302	0	1	-0	-0.6302	0	0.77643
0.18018	-0.068867	0	0.62915	0.77718	-0	0.62928	0	1	-0	-0.62928	0	0.77718
0.18118	-0.069604	0	0.62823	0.77792	-0	0.62836	0	1	-0	-0.62836	0	0.77792
0.18218	-0.070343	0	0.6273	0.77867	-0	0.62744	0	1	-0	-0.62744	0	0.77867
0.18318	-0.071083	0	0.62637	0.77941	-0	0.62651	0	1	-0	-0.62651	0	0.77941
0.18418	-0.071824	0	0.62542	0.78016	-0	0.62558	0	1	-0	-0.62558	0	0.78016
0.18519	-0.072567	0	0.62447	0.78091	-0	0.62465	0	1	-0	-0.62465	0	0.78091
0.18619	-0.073311	0	0.62351	0.78166	-0	0.62371	0	1	-0	-0.62371	0	0.78166
0.18719	-0.074056	0	0.62254	0.78241	-0	0.62276	0	1	-0	-0.62276	0	0.78241
0.18819	-0.074804	0	0.62156	0.78317	-0	0.62181	0	1	-0	-0.62181	0	0.78317
0.18919	-0.075554	0	0.62058	0.78392	-0	0.62086	0	1	-0	-0.62086	0	0.78392
0.19019	-0.076307	0	0.61959	0.78468	-0	0.6199	0	1	-0	-0.6199	0	0.78468
0.19119	-0.077062	0	0.61859	0.78545	-0	0.61893	0	1	-0	-0.61893	0	0.78545
0.19219	-0.077821	0	0.61759	0.78621	-0	0.61796	0	1	-0	-0.61796	0	0.78621
0.19319	-0.078583	0	0.61658	0.78698	-0	0.61697	0	1	-0	-0.61697	0	0.78698
0.19419	-0.079349	0	0.61556	0.78776	-0	0.61599	0	1	-0	-0.61599	0	0.78776
0.1952	-0.080119	0	0.61454	0.78854	-0	0.61499	0	1	-0	-0.61499	0	0.78854
0.1962	-0.080893	0	0.61352	0.78932	-0	0.61398	0	1	-0	-0.61398	0	0.78932
0.1972	-0.081672	0	0.61248	0.79011	-0	0.61297	0	1	-0	-0.61297	0	0.79011
0.1982	-0.082456	0	0.61145	0.7909	-0	0.61195	0	1	-0	-0.61195	0	0.7909
0.1992	-0.083244	0	0.61041	0.79169	-0	0.61092	0	1	-0	-0.61092	0	0.79169
0.2002	-0.084038	0	0.60936	0.7925	-0	0.60988	0	1	-0	-0.60988	0	0.7925
0.2012	-0.084836	0	0.60831	0.7933	-0	0.60883	0	1	-0	-0.60883	0	0.7933
0.2022	-0.08564	0	0.60726	0.79411	-0	0.60777	0	1	-0	-0.60777	0	0.79411
0.2032	-0.086448	0	0.6062	0.79493	-0	0.6067	0	1	-0	-0.6067	0	0.79493
0.2042	-0.087261	0	0.60513	0.79575	-0	0.60562	0	1	-0	-0.60562	0	0.79575
0.20521	-0.088078	0	0.60406	0.79658	-0	0.60453	0	1	-0	-0.60453	0	0.79658
0.20621	-0.088901	0	0.60299	0.79741	-0	0.60344	0	1	-0	-0.60344	0	0.79741
0.20721	-0.089727	0	0.60191	0.79824	-0	0.60233	0	1	-0	-0.60233	0	0.79824
0.20821	-0.090557	0	0.60082	0.79908	-0	0.60122	0	1	-0	-0.60122	0	0.79908
0.20921	-0.091391	0	0.59973	0.79993	-0	0.6001	0	1	-0	-0.6001	0	0.79993
0.21021	-0.092229	0	0.59863	0.80077	-0	0.59897	0	1	-0	-0.59897	0	0.80077
0.21121	-0.093069	0	0.59753	0.80162	-0	0.59783	0	1	-0	-0.59783	0	0.80162
0.21221	-0.093912	0	0.59641	0.80247	-0	0.59669	0	1	-0	-0.59669	0	0.80247
0.21321	-0.094758	0	0.59529	0.80332	-0	0.59554	0	1	-0	-0.59554	0	0.80332
0.21421	-0.095606	0	0.59417	0.80418	-0	0.59439	0	1	-0	-0.59439	0	0.80418
0.21522	-0.096456	0	0.59303	0.80504	-0	0.59323	0	1	-0	-0.59323	0	0.80504
0.21622	-0.097307	0	0.59189	0.80589	-0	0.59206	0	1	-0	-0.59206	0	0.80589
0.21722	-0.09816	0	0.59074	0.80675	-0	0.59089	0	1	-0	-0.59089	0	0.80675
0.21822	-0.099014	0	0.58958	0.80761	-0	0.58971	0	1	-0	-0.58971	0	0.80761
0.21922	-0.099869	0	0.58842	0.80848	-0	0.58853	0	1	-0	-0.58853	0	0.80848
0.22022	-0.10072	0	0.58724	0.80934	-0	0.58734	0	1	-0	-0.58734	0	0.80934
0.22122	-0.10158	0	0.58605	0.8102	-0	0.58616	0	1	-0	-0.58616	0	0.8102
0.22222	-0.10244	0	0.58486	0.81106	-0	0.58496	0	1	-0	-0.58496	0	0.81106
0.22322	-0.1033	0	0.58366	0.81192	-0	0.58376	0	1	-0	-0.58376	0	0.81192
0.22422	-0.10415	0	0.58245	0.81279	-0	0.58256	0	1	-0	-0.58256	0	0.81279
0.22523	-0.10501	0	0.58123	0.81365	-0	0.58135	0	1	-0	-0.58135	0	0.81365
0.22623	-0.10587	0	0.58	0.81452	-0	0.58014	0	1	-0	-0.58014	0	0.81452
0.22723	-0.10674	0	0.57876	0.81538	-0	0.57892	0	1	-0	-0.57892	0	0.81538
0.22823	-0.1076	0	0.57751	0.81625	-0	0.57769	0	1	-0	-0.57769	0	0.81625
0.22923	-0.10846	0	0.57626	0.81712	-0	0.57646	0	1	-0	-0.57646	0	0.81712
0.23023	-0.10933	0	0.575	0.818	-0	0.57522	0	1	-0	-0.57522	0	0.818
0.23123	-0.1102	0	0.57373	0.81887	-0	0.57398	0	1	-0	-0.57398	0	0.81887
0.23223	-0.11106	0	0.57245	0.81975	-0	0.57273	0	1	-0	-0.57273	0	0.81975
0.23323	-0.11194	0	0.57117	0.82063	-0	0.57146	0	1	-0	-0.57146	0	0.82063
0.23423	-0.11281	0	0.56988	0.82151	-0	0.57019	0	1	-0	-0.57019	0	0.82151
0.23524	-0.11369	0	0.56858	0.8224	-0	0.56892	0	1	-0	-0.56892	0	0.8224
0.23624	-0.11457	0	0.56728	0.82328	-0	0.56763	0	1	-0	-0.56763	0	0.82328
0.23724	-0.11546	0	0.56597	0.82418	-0	0.56633	0	1	-0	-0.56633	0	0.82418
0.23824	-0.11634	0	0.56465	0.82507	-0	0.56502	0	1	-0	-0.56502	0	0.82507
0.23924	-0.11723	0	0.56333	0.82597	-0	0.56371	0	1	-0	-0.56371	0	0.82597
0.24024	-0.11813	0	0.562	0.82688	-0	0.56238	0	1	-0	-0.56238	0	0.82688
0.24124	-0.11903	0	0.56067	0.82778	-0	0.56105	0	1	-0	-0.56105	0	0.82778
0.24224	-0.11993	0	0.55933	0.8287	-0	0.5597	0	1	-0	-0.5597	0	0.8287
0.24324	-0.12084	0	0.55798	0.82961	-0	0.55834	0	1	-0	-0.55834	0	0.82961
0.24424	-0.12175	0	0.55663	0.83053	-0	0.55698	0	1	-0	-0.55698	0	0.83053
0.24525	-0.12266	0	0.55527	0.83145	-0	0.5556	0	1	-0	-0.5556	0	0.83145
0.24625	-0.12357	0	0.5539	0.83237	-0	0.55422	0	1	-0	-0.55422	0	0.83237
0.24725	-0.12449	0	0.55253	0.8333	-0	0.55282	0	1	-0	-0.55282	0	0.8333
0.24825	-0.12541	0	0.55115	0.83423	-0	0.55142	0	1	-0	-0.55142	0	0.83423
0.24925	-0.12634	0	0.54976	0.83516	-0	0.55001	0	1	-0	-0.55001	0	0.83516
0.25025	-0.12726	0	0.54837	0.83609	-0	0.54859	0	1	-0	-0.54859	0	0.83609
0.25125	-0.12819	0	0.54696	0.83703	-0	0.54716	0	1	-0	-0.54716	0	0.83703
0.25225	-0.12912	0	0.54555	0.83796	-0	0.54573	0	1	-0	-0.54573	0	0.83796
0.25325	-0.13005	0	0.54413	0.8389	-0	0.54429	0	1	-0	-0.54429	0	0.8389
0.25425	-0.13098	0	0.54271	0.83984	-0	0.54284	0	1	-0	-0.54284	0	0.83984
0.25526	-0.13191	0	0.54127	0.84077	-0	0.54139	0	1	-0	-0.54139	0	0.84077
0.25626	-0.13285	0	0.53983	0.84171	-0	0.53993	0	1	-0	-0.53993	0	0.84171
0.25726	-0.13378	0	0.53837	0.84265	-0	0.53846	0	1	-0	-0.53846	0	0.84265
0.25826	-0.13471	0	0.53691	0.84359	-0	0.53699	0	1	-0	-0.53699	0	0.84359
0.25926	-0.13565	0	0.53544	0.84452	-0	0.53552	0	1	-0	-0.53552	0	0.84452
0.26026	-0.13658	0	0.53396	0.84546	-0	0.53404	0	1	-0	-0.53404	0	0.84546
0.26126	-0.13752	0	0.53247	0.8464	-0	0.53255	0	1	-0	-0.53255	0	0.8464
0.26226	-0.13845	0	0.53097	0.84733	-0	0.53106	0	1	-0	-0.53106	0	0.84733
0.26326	-0.13939	0	0.52946	0.84827	-0	0.52956	0	1	-0	-0.52956	0	0.84827
0.26426	-0.14032	0	0.52794	0.84921	-0	0.52806	0	1	-0	-0.52806	0	0.84921
0.26527	-0.14126	0	0.52642	0.85015	-0	0.52654	0	1	-0	-0.52654	0	0.85015
0.26627	-0.14219	0	0.52488	0.85109	-0	0.52502	0	1	-0	-0.52502	0	0.85109
0.26727	-0.14313	0	0.52334	0.85203	-0	0.52349	0	1	-0	-0.52349	0	0.85203
0.26827	-0.14407	0	0.52179	0.85297	-0	0.52196	0	1	-0	-0.52196	0	0.85297
0.26927	-0.14501	0	0.52023	0.85392	-0	0.52041	0	1	-0	-0.52041	0	0.85392
0.27027	-0.14595	0	0.51866	0.85486	-0	0.51886	0	1	-0	-0.51886	0	0.85486
0.27127	-0.14689	0	0.51708	0.85581	-0	0.51729	0	1	-0	-0.51729	0	0.85581
0.27227	-0.14783	0	0.5155	0.85676	-0	0.51572	0	1	-0	-0.51572	0	0.85676
0.27327	-0.14878	0	0.51391	0.85771	-0	0.51414	0	1	-0	-0.51414	0	0.85771
0.27427	-0.14972	0	0.51231	0.85866	-0	0.51255	0	1	-0	-0.51255	0	0.85866
0.27528	-0.15067	0	0.5107	0.85962	-0	0.51094	0	1	-0	-0.51094	0	0.85962
0.27628	-0.15162	0	0.50909	0.86057	-0	0.50933	0	1	-0	-0.50933	0	0.86057
0.27728	-0.15257	0	0.50746	0.86153	-0	0.50771	0	1	-0	-0.50771	0	0.86153
0.27828	-0.15353	0	0.50583	0.86249	-0	0.50607	0	1	-0	-0.50607	0	0.86249
0.27928	-0.15448	0	0.5042	0.86345	-0	0.50443	0	1	-0	-0.50443	0	0.86345
0.28028	-0.15544	0	0.50255	0.86442	-0	0.50278	0	1	-0	-0.50278	0	0.86442
0.28128	-0.1564	0	0.5009	0.86538	-0	0.50111	0	1	-0	-0.50111	0	0.86538
0.28228	-0.15736	0	0.49924	0.86635	-0	0.49944	0	1	-0	-0.49944	0	0.86635
0.28328	-0.15832	0	0.49757	0.86732	-0	0.49776	0	1	-0	-0.49776	0	0.86732
0.28428	-0.15929	0	0.49589	0.86828	-0	0.49607	0	1	-0	-0.49607	0	0.86828
0.28529	-0.16025	0	0.49421	0.86925	-0	0.49437	0	1	-0	-0.49437	0	0.86925
0.28629	-0.16121	0	0.49251	0.87022	-0	0.49266	0	1	-0	-0.49266	0	0.87022
0.28729	-0.16218	0	0.49081	0.87119	-0	0.49094	0	1	-0	-0.49094	0	0.87119
0.28829	-0.16315	0	0.4891	0.87216	-0	0.48922	0	1	-0	-0.48922	0	0.87216
0.28929	-0.16411	0	0.48738	0.87313	-0	0.48749	0	1	-0	-0.48749	0	0.87313
0.29029	-0.16508	0	0.48565	0.8741	-0	0.48575	0	1	-0	-0.48575	0	0.8741
0.29129	-0.16605	0	0.48391	0.87506	-0	0.48401	0	1	-0	-0.48401	0	0.87506
0.29229	-0.16701	0	0.48216	0.87603	-0	0.48225	0	1	-0	-0.48225	0	0.87603
0.29329	-0.16798	0	0.48041	0.877	-0	0.4805	0	1	-0	-0.4805	0	0.877
0.29429	-0.16895	0	0.47864	0.87796	-0	0.47873	0	1	-0	-0.47873	0	0.87796
0.2953	-0.16991	0	0.47687	0.87893	-0	0.47696	0	1	-0	-0.47696	0	0.87893
0.2963	-0.17088	0	0.47508	0.87989	-0	0.47518	0	1	-0	-0.47518	0	0.87989
0.2973	-0.17185	0	0.47329	0.88085	-0	0.47339	0	1	-0	-0.47339	0	0.88085
0.2983	-0.17281	0	0.47149	0.88181	-0	0.4716	0	1	-0	-0.4716	0	0.88181
0.2993	-0.17378	0	0.46967	0.88278	-0	0.46979	0	1	-0	-0.46979	0	0.88278
0.3003	-0.17474	0	0.46785	0.88374	-0	0.46798	0	1	-0	-0.46798	0	0.88374
0.3013	-0.17571	0	0.46602	0.8847	-0	0.46615	0	1	-0	-0.46615	0	0.8847
0.3023	-0.17667	0	0.46418	0.88567	-0	0.46432	0	1	-0	-0.46432	0	0.88567
0.3033	-0.17764	0	0.46234	0.88663	-0	0.46248	0	1	-0	-0.46248	0	0.88663
0.3043	-0.1786	0	0.46048	0.8876	-0	0.46062	0	1	-0	-0.46062	0	0.8876
0.30531	-0.17956	0	0.45861	0.88856	-0	0.45876	0	1	-0	-0.45876	0	0.88856
0.30631	-0.18053	0	0.45674	0.88952	-0	0.45689	0	1	-0	-0.45689	0	0.88952
0.30731	-0.18149	0	0.45486	0.89049	-0	0.455	0	1	-0	-0.455	0	0.89049
0.30831	-0.18246	0	0.45296	0.89145	-0	0.45311	0	1	-0	-0.45311	0	0.89145
0.30931	-0.18342	0	0.45106	0.89242	-0	0.45121	0	1	-0	-0.45121	0	0.89242
0.31031	-0.18439	0	0.44915	0.89338	-0	0.4493	0	1	-0	-0.4493	0	0.89338
0.31131	-0.18535	0	0.44723	0.89435	-0	0.44738	0	1	-0	-0.44738	0	0.89435
0.31231	-0.18631	0	0.44531	0.89531	-0	0.44544	0	1	-0	-0.44544	0	0.89531
0.31331	-0.18728	0	0.44337	0.89627	-0	0.44351	0	1	-0	-0.44351	0	0.89627
0.31431	-0.18824	0	0.44142	0.89723	-0	0.44156	0	1	-0	-0.44156	0	0.89723
0.31532	-0.18921	0	0.43947	0.89819	-0	0.4396	0	1	-0	-0.4396	0	0.89819
0.31632	-0.19017	0	0.4375	0.89915	-0	0.43763	0	1	-0	-0.43763	0	0.89915
0.31732	-0.19113	0	0.43553	0.90011	-0	0.43566	0	1	-0	-0.43566	0	0.90011
0.31832	-0.19209	0	0.43355	0.90107	-0	0.43368	0	1	-0	-0.43368	0	0.90107
0.31932	-0.19306	0	0.43156	0.90202	-0	0.43169	0	1	-0	-0.43169	0	0.90202
0.32032	-0.19402	0	0.42955	0.90298	-0	0.42969	0	1	-0	-0.42969	0	0.90298
0.32132	-0.19498	0	0.42754	0.90393	-0	0.42768	0	1	-0	-0.42768	0	0.90393
0.32232	-0.19594	0	0.42552	0.90488	-0	0.42566	0	1	-0	-0.42566	0	0.90488
0.32332	-0.1969	0	0.42349	0.90583	-0	0.42364	0	1	-0	-0.42364	0	0.90583
0.32432	-0.19786	0	0.42146	0.90678	-0	0.4216	0	1	-0	-0.4216	0	0.90678
0.32533	-0.19882	0	0.41941	0.90773	-0	0.41956	0	1	-0	-0.41956	0	0.90773
0.32633	-0.19978	0	0.41735	0.90867	-0	0.41751	0	1	-0	-0.41751	0	0.90867
0.32733	-0.20073	0	0.41528	0.90962	-0	0.41545	0	1	-0	-0.41545	0	0.90962
0.32833	-0.20169	0	0.41321	0.91056	-0	0.41338	0	1	-0	-0.41338	0	0.91056
0.32933	-0.20265	0	0.41112	0.9115	-0	0.4113	0	1	-0	-0.4113	0	0.9115
0.33033	-0.2036	0	0.40903	0.91244	-0	0.40921	0	1	-0	-0.40921	0	0.91244
0.33133	-0.20456	0	0.40693	0.91338	-0	0.40711	0	1	-0	-0.40711	0	0.91338
0.33233	-0.20551	0	0.40482	0.91432	-0	0.405	0	1	-0	-0.405	0	0.91432
0.33333	-0.20647	0	0.40269	0.91525	-0	0.40288	0	1	-0	-0.40288	0	0.91525
0.33433	-0.20742	0	0.40056	0.91619	-0	0.40075	0	1	-0	-0.40075	0	0.91619
0.33534	-0.20837	0	0.39842	0.91712	-0	0.39861	0	1	-0	-0.39861	0	0.91712
0.33634	-0.20933	0	0.39627	0.91805	-0	0.39647	0	1	-0	-0.39647	0	0.91805
0.33734	-0.21028	0	0.39412	0.91898	-0	0.39431	0	1	-0	-0.39431	0	0.91898
0.33834	-0.21123	0	0.39195	0.9199	-0	0.39215	0	1	-0	-0.39215	0	0.9199
0.33934	-0.21218	0	0.38977	0.92082	-0	0.38998	0	1	-0	-0.38998	0	0.92082
0.34034	-0.21313	0	0.38758	0.92174	-0	0.3878	0	1	-0	-0.3878	0	0.92174
0.34134	-0.21408	0	0.38539	0.92266	-0	0.38562	0	1	-0	-0.38562	0	0.92266
0.34234	-0.21503	0	0.38318	0.92357	-0	0.38342	0	1	-0	-0.38342	0	0.92357
0.34334	-0.21598	0	0.38097	0.92449	-0	0.38121	0	1	-0	-0.38121	0	0.92449
0.34434	-0.21693	0	0.37874	0.9254	-0	0.379	0	1	-0	-0.379	0	0.9254
0.34535	-0.21787	0	0.37651	0.9263	-0	0.37677	0	1	-0	-0.37677	0	0.9263
0.34635	-0.21882	0	0.37427	0.92721	-0	0.37454	0	1	-0	-0.37454	0	0.92721
0.34735	-0.21977	0	0.37202	0.92811	-0	0.3723	0	1	-0	-0.3723	0	0.92811
0.34835	-0.22071	0	0.36976	0.92901	-0	0.37005	0	1	-0	-0.37005	0	0.92901
0.34935	-0.22166	0	0.36749	0.92991	-0	0.36778	0	1	-0	-0.36778	0	0.92991
0.35035	-0.2226	0	0.36521	0.93081	-0	0.36551	0	1	-0	-0.36551	0	0.93081
0.35135	-0.22355	0	0.36292	0.9317	-0	0.36323	0	1	-0	-0.36323	0	0.9317
0.35235	-0.22449	0	0.36062	0.93259	-0	0.36094	0	1	-0	-0.36094	0	0.93259
0.35335	-0.22543	0	0.35832	0.93347	-0	0.35865	0	1	-0	-0.35865	0	0.93347
0.35435	-0.22638	0	0.356	0.93436	-0	0.35634	0	1	-0	-0.35634	0	0.93436
0.35536	-0.22732	0	0.35368	0.93524	-0	0.35403	0	1	-0	-0.35403	0	0.93524
0.35636	-0.22826	0	0.35134	0.93611	-0	0.3517	0	1	-0	-0.3517	0	0.93611
0.35736	-0.2292	0	0.349	0.93698	-0	0.34937	0	1	-0	-0.34937	0	0.93698
0.35836	-0.23014	0	0.34665	0.93785	-0	0.34704	0	1	-0	-0.34704	0	0.93785
0.35936	-0.23108	0	0.34428	0.93872	-0	0.34469	0	1	-0	-0.34469	0	0.93872
0.36036	-0.23203	0	0.34191	0.93958	-0	0.34233	0	1	-0	-0.34233	0	0.93958
0.36136	-0.23297	0	0.33953	0.94044	-0	0.33997	0	1	-0	-0.33997	0	0.94044
0.36236	-0.2339	0	0.33714	0.94129	-0	0.3376	0	1	-0	-0.3376	0	0.94129
0.36336	-0.23484	0	0.33474	0.94214	-0	0.33521	0	1	-0	-0.33521	0	0.94214
0.36436	-0.23578	0	0.33233	0.94299	-0	0.33282	0	1	-0	-0.33282	0	0.94299
0.36537	-0.23672	0	0.32991	0.94383	-0	0.33042	0	1	-0	-0.33042	0	0.94383
0.36637	-0.23766	0	0.32749	0.94467	-0	0.32801	0	1	-0	-0.32801	0	0.94467
0.36737	-0.2386	0	0.32505	0.94551	-0	0.32559	0	1	-0	-0.32559	0	0.94551
0.36837	-0.23953	0	0.32261	0.94634	-0	0.32317	0	1	-0	-0.32317	0	0.94634
0.36937	-0.24047	0	0.32015	0.94717	-0	0.32073	0	1	-0	-0.32073	0	0.94717
0.37037	-0.24141	0	0.31769	0.94799	-0	0.31829	0	1	-0	-0.31829	0	0.94799
0.37137	-0.24234	0	0.31521	0.94881	-0	0.31583	0	1	-0	-0.31583	0	0.94881
0.37237	-0.24328	0	0.31273	0.94963	-0	0.31337	0	1	-0	-0.31337	0	0.94963
0.37337	-0.24421	0	0.31024	0.95044	-0	0.31091	0	1	-0	-0.31091	0	0.95044
0.37437	-0.24515	0	0.30774	0.95125	-0	0.30843	0	1	-0	-0.30843	0	0.95125
0.37538	-0.24608	0	0.30523	0.95205	-0	0.30595	0	1	-0	-0.30595	0	0.95205
0.37638	-0.24701	0	0.30271	0.95284	-0	0.30346	0	1	-0	-0.30346	0	0.95284
0.37738	-0.24795	0	0.30018	0.95364	-0	0.30096	0	1	-0	-0.30096	0	0.95364
0.37838	-0.24888	0	0.29764	0.95442	-0	0.29846	0	1	-0	-0.29846	0	0.95442
0.37938	-0.24981	0	0.29509	0.95521	-0	0.29594	0	1	-0	-0.29594	0	0.95521
0.38038	-0.25075	0	0.29254	0.95598	-0	0.29342	0	1	-0	-0.29342	0	0.95598
0.38138	-0.25168	0	0.28997	0.95676	-0	0.29089	0	1	-0	-0.29089	0	0.95676
0.38238	-0.25261	0	0.28739	0.95753	-0	0.28835	0	1	-0	-0.28835	0	0.95753
0.38338	-0.25354	0	0.28481	0.95829	-0	0.2858	0	1	-0	-0.2858	0	0.95829
0.38438	-0.25447	0	0.28221	0.95905	-0	0.28325	0	1	-0	-0.28325	0	0.95905
0.38539	-0.2554	0	0.27961	0.9598	-0	0.28068	0	1	-0	-0.28068	0	0.9598
0.38639	-0.25633	0	0.277	0.96055	-0	0.27811	0	1	-0	-0.27811	0	0.96055
0.38739	-0.25726	0	0.27438	0.96129	-0	0.27553	0	1	-0	-0.27553	0	0.96129
0.38839	-0.25819	0	0.27175	0.96203	-0	0.27295	0	1	-0	-0.27295	0	0.96203
0.38939	-0.25912	0	0.2691	0.96276	-0	0.27036	0	1	-0	-0.27036	0	0.96276
0.39039	-0.26005	0	0.26645	0.96349	-0	0.26776	0	1	-0	-0.26776	0	0.96349
0.39139	-0.26098	0	0.26379	0.96421	-0	0.26515	0	1	-0	-0.26515	0	0.96421
0.39239	-0.26191	0	0.26113	0.96492	-0	0.26254	0	1	-0	-0.26254	0	0.96492
0.39339	-0.26284	0	0.25845	0.96563	-0	0.25992	0	1	-0	-0.25992	0	0.96563
0.39439	-0.26376	0	0.25576	0.96633	-0	0.2573	0	1	-0	-0.2573	0	0.96633
0.3954	-0.26469	0	0.25306	0.96703	-0	0.25466	0	1	-0	-0.25466	0	0.96703
0.3964	-0.26562	0	0.25035	0.96772	-0	0.25203	0	1	-0	-0.25203	0	0.96772
0.3974	-0.26654	0	0.24764	0.96841	-0	0.24938	0	1	-0	-0.24938	0	0.96841
0.3984	-0.26747	0	0.24491	0.96908	-0	0.24673	0	1	-0	-0.24673	0	0.96908
0.3994	-0.2684	0	0.24218	0.96976	-0	0.24407	0	1	-0	-0.24407	0	0.96976
0.4004	-0.26932	0	0.23943	0.97042	-0	0.24141	0	1	-0	-0.24141	0	0.97042
0.4014	-0.27025	0	0.23668	0.97109	-0	0.23873	0	1	-0	-0.23873	0	0.97109
0.4024	-0.27117	0	0.23392	0.97174	-0	0.23606	0	1	-0	-0.23606	0	0.97174
0.4034	-0.2721	0	0.23115	0.97239	-0	0.23337	0	1	-0	-0.23337	0	0.97239
0.4044	-0.27302	0	0.22836	0.97303	-0	0.23068	0	1	-0	-0.23068	0	0.97303
0.40541	-0.27395	0	0.22557	0.97366	-0	0.22798	0	1	-0	-0.22798	0	0.97366
0.40641	-0.27487	0	0.22277	0.97429	-0	0.22528	0	1	-0	-0.22528	0	0.97429
0.40741	-0.2758	0	0.21996	0.97491	-0	0.22258	0	1	-0	-0.22258	0	0.97491
0.40841	-0.27672	0	0.21714	0.97553	-0	0.21987	0	1	-0	-0.21987	0	0.97553
0.40941	-0.27764	0	0.21431	0.97614	-0	0.21715	0	1	-0	-0.21715	0	0.97614
0.41041	-0.27857	0	0.21147	0.97674	-0	0.21444	0	1	-0	-0.21444	0	0.97674
0.41141	-0.27949	0	0.20862	0.97733	-0	0.21171	0	1	-0	-0.21171	0	0.97733
0.41241	-0.28041	0	0.20576	0.97792	-0	0.20898	0	1	-0	-0.20898	0	0.97792
0.41341	-0.28134	0	0.2029	0.9785	-0	0.20625	0	1	-0	-0.20625	0	0.9785
0.41441	-0.28226	0	0.20002	0.97907	-0	0.20352	0	1	-0	-0.20352	0	0.97907
0.41542	-0.28318	0	0.19713	0.97964	-0	0.20078	0	1	-0	-0.20078	0	0.97964
0.41642	-0.28411	0	0.19424	0.9802	-0	0.19803	0	1	-0	-0.19803	0	0.9802
0.41742	-0.28503	0	0.19133	0.98075	-0	0.19528	0	1	-0	-0.19528	0	0.98075
0.41842	-0.28595	0	0.18841	0.98129	-0	0.19253	0	1	-0	-0.19253	0	0.98129
0.41942	-0.28687	0	0.18549	0.98183	-0	0.18977	0	1	-0	-0.18977	0	0.98183
0.42042	-0.28779	0	0.18255	0.98236	-0	0.18701	0	1	-0	-0.18701	0	0.98236
0.42142	-0.28872	0	0.17961	0.98288	-0	0.18424	0	1	-0	-0.18424	0	0.98288
0.42242	-0.28964	0	0.17665	0.9834	-0	0.18147	0	1	-0	-0.18147	0	0.9834
0.42342	-0.29056	0	0.17369	0.9839	-0	0.1787	0	1	-0	-0.1787	0	0.9839
0.42442	-0.29148	0	0.17072	0.9844	-0	0.17593	0	1	-0	-0.17593	0	0.9844
0.42543	-0.2924	0	0.16773	0.98489	-0	0.17316	0	1	-0	-0.17316	0	0.98489
0.42643	-0.29332	0	0.16474	0.98538	-0	0.17038	0	1	-0	-0.17038	0	0.98538
0.42743	-0.29424	0	0.16173	0.98585	-0	0.16761	0	1	-0	-0.16761	0	0.98585
0.42843	-0.29517	0	0.15872	0.98632	-0	0.16483	0	1	-0	-0.16483	0	0.98632
0.42943	-0.29609	0	0.1557	0.98678	-0	0.16205	0	1	-0	-0.16205	0	0.98678
0.43043	-0.29701	0	0.15267	0.98724	-0	0.15926	0	1	-0	-0.15926	0	0.98724
0.43143	-0.29793	0	0.14962	0.98768	-0	0.15648	0	1	-0	-0.15648	0	0.98768
0.43243	-0.29885	0	0.14657	0.98812	-0	0.15369	0	1	-0	-0.15369	0	0.98812
0.43343	-0.29977	0	0.14351	0.98855	-0	0.1509	0	1	-0	-0.1509	0	0.98855
0.43443	-0.30069	0	0.14044	0.98897	-0	0.1481	0	1	-0	-0.1481	0	0.98897
0.43544	-0.30161	0	0.13736	0.98939	-0	0.14531	0	1	-0	-0.14531	0	0.98939
0.43644	-0.30253	0	0.13427	0.98979	-0	0.14251	0	1	-0	-0.14251	0	0.98979
0.43744	-0.30346	0	0.13117	0.99019	-0	0.13971	0	1	-0	-0.13971	0	0.99019
0.43844	-0.30438	0	0.12806	0.99058	-0	0.13691	0	1	-0	-0.13691	0	0.99058
0.43944	-0.3053	0	0.12494	0.99097	-0	0.13411	0	1	-0	-0.13411	0	0.99097
0.44044	-0.30622	0	0.12181	0.99134	-0	0.13131	0	1	-0	-0.13131	0	0.99134
0.44144	-0.30714	0	0.11867	0.99171	-0	0.1285	0	1	-0	-0.1285	0	0.99171
0.44244	-0.30806	0	0.11552	0.99207	-0	0.1257	0	1	-0	-0.1257	0	0.99207
0.44344	-0.30898	0	0.11236	0.99242	-0	0.12289	0	1	-0	-0.12289	0	0.99242
0.44444	-0.3099	0	0.10919	0.99276	-0	0.12008	0	1	-0	-0.12008	0	0.99276
0.44545	-0.31082	0	0.10601	0.9931	-0	0.11727	0	1	-0	-0.11727	0	0.9931
0.44645	-0.31174	0	0.10282	0.99343	-0	0.11445	0	1	-0	-0.11445	0	0.99343
0.44745	-0.31266	0	0.099623	0.99375	-0	0.11162	0	1	-0	-0.11162	0	0.99375
0.44845	-0.31358	0	0.096416	0.99406	-0	0.10879	0	1	-0	-0.10879	0	0.99406
0.44945	-0.3145	0	0.0932	0.99437	-0	0.10596	0	1	-0	-0.10596	0	0.99437
0.45045	-0.31542	0	0.089975	0.99467	-0	0.10312	0	1	-0	-0.10312	0	0.99467
0.45145	-0.31634	0	0.08674	0.99496	-0	0.10027	0	1	-0	-0.10027	0	0.99496
0.45245	-0.31725	0	0.083496	0.99524	-0	0.09742	0	1	-0	-0.09742	0	0.99524
0.45345	-0.31817	0	0.080243	0.99552	-0	0.094559	0	1	-0	-0.094559	0	0.99552
0.45445	-0.31909	0	0.076981	0.99579	-0	0.091689	0	1	-0	-0.091689	0	0.99579
0.45546	-0.32	0	0.07371	0.99605	-0	0.08881	0	1	-0	-0.08881	0	0.99605
0.45646	-0.32092	0	0.070431	0.9963	-0	0.085918	0	1	-0	-0.085918	0	0.9963
0.45746	-0.32183	0	0.067143	0.99655	-0	0.083014	0	1	-0	-0.083014	0	0.99655
0.45846	-0.32275	0	0.063848	0.99679	-0	0.080093	0	1	-0	-0.080093	0	0.99679
0.45946	-0.32366	0	0.060544	0.99702	-0	0.077155	0	1	-0	-0.077155	0	0.99702
0.46046	-0.32457	0	0.057233	0.99724	-0	0.074196	0	1	-0	-0.074196	0	0.99724
0.46146	-0.32547	0	0.053915	0.99746	-0	0.071214	0	1	-0	-0.071214	0	0.99746
0.46246	-0.32638	0	0.050591	0.99767	-0	0.068205	0	1	-0	-0.068205	0	0.99767
0.46346	-0.32728	0	0.04726	0.99787	-0	0.065166	0	1	-0	-0.065166	0	0.99787
0.46446	-0.32818	0	0.043924	0.99807	-0	0.062094	0	1	-0	-0.062094	0	0.99807
0.46547	-0.32908	0	0.040583	0.99826	-0	0.058984	0	1	-0	-0.058984	0	0.99826
0.46647	-0.32997	0	0.037239	0.99844	-0	0.055831	0	1	-0	-0.055831	0	0.99844
0.46747	-0.33086	0	0.033891	0.99861	-0	0.052629	0	1	-0	-0.052629	0	0.99861
0.46847	-0.33174	0	0.030542	0.99878	-0	0.04937	0	1	-0	-0.04937	0	0.99878
0.46947	-0.33261	0	0.027193	0.99894	-0	0.046046	0	1	-0	-0.046046	0	0.99894
0.47047	-0.33348	0	0.023846	0.99909	-0	0.042647	0	1	-0	-0.042647	0	0.99909
0.47147	-0.33434	0	0.020505	0.99923	-0	0.039159	0	1	-0	-0.039159	0	0.99923
0.47247	-0.33518	0	0.017172	0.99937	-0	0.035567	0	1	-0	-0.035567	0	0.99937
0.47347	-0.336	0	0.013852	0.99949	-0	0.031855	0	1	-0	-0.031855	0	0.99949
0.47447	-0.33681	0	0.010553	0.99961	-0	0.028001	0	1	-0	-0.028001	0	0.99961
0.47548	-0.33759	0	0.0072811	0.99971	-0	0.023981	0	1	-0	-0.023981	0	0.99971
0.47648	-0.33833	0	0.0040502	0.9998	-0	0.019767	0	1	-0	-0.019767	0	0.9998
0.47748	-0.33903	0	0.00087745	0.99988	-0	0.01533	0	1	-0	-0.01533	0	0.99988
0.47848	-0.33966	0	-0.0022109	0.99994	-0	0.010645	0	1	-0	-0.010645	0	0.99994
0.47948	-0.34019	0	-0.0051748	0.99998	-0	0.0057095	0	1	-0	-0.0057095	0	0.99998
0.48048	-0.34059	0	-0.0079525	1	-0	0.00057448	0	1	-0	-0.00057448	0	1
0.48148	-0.34079	0	-0.01045	0.99999	-0	-0.0045746	0	1	-0	0.0045746	0	0.99999
0.48248	-0.3408	0	-0.012551	0.99996	-0	-0.0093552	0	1	-0	0.0093552	0	0.99996
0.48348	-0.34081	0	-0.014156	0.99991	-0	-0.013272	0	1	-0	0.013272	0	0.99991
0.48448	-0.34082	0	-0.015239	0.99987	-0	-0.015964	0	1	-0	0.015964	0	0.99987
0.48549	-0.34083	0	-0.015866	0.99985	-0	-0.017394	0	1	-0	0.017394	0	0.99985
0.48649	-0.34083	0	-0.016148	0.99984	-0	-0.017787	0	1	-0	0.017787	0	0.99984
0.48749	-0.34083	0	-0.016192	0.99985	-0	-0.017442	0	1	-0	0.017442	0	0.99985
0.48849	-0.34082	0	-0.016078	0.99986	-0	-0.016605	0	1	-0	0.016605	0	0.99986
0.48949	-0.34082	0	-0.015861	0.99988	-0	-0.015445	0	1	-0	0.015445	0	0.99988
0.49049	-0.34081	0	-0.015571	0.9999	-0	-0.014068	0	1	-0	0.014068	0	0.9999
0.49149	-0.34081	0	-0.015229	0.99992	-0	-0.012538	0	1	-0	0.012538	0	0.99992
0.49249	-0.3408	0	-0.014846	0.99994	-0	-0.010893	0	1	-0	0.010893	0	0.99994
0.49349	-0.3408	0	-0.014426	0.99996	-0	-0.0091583	0	1	-0	0.0091583	0	0.99996
0.49449	-0.3408	0	-0.013974	0.99997	-0	-0.0073518	0	1	-0	0.0073518	0	0.99997
0.4955	-0.3408	0	-0.013488	0.99998	-0	-0.0054877	0	1	-0	0.0054877	0	0.99998
0.4965	-0.34079	0	-0.01297	0.99999	-0	-0.0035792	0	1	-0	0.0035792	0	0.99999
0.4975	-0.34079	0	-0.012418	1	-0	-0.0016404	0	1	-0	0.0016404	0	1
0.4985	-0.34079	0	-0.01183	1	-0	0.00031304	0	1	-0	-0.00031304	0	1
0.4995	-0.34079	0	-0.011203	1	-0	0.0022634	0	1	-0	-0.0022634	0	1
0.5005	-0.34079	0	-0.010537	0.99999	-0	0.0041917	0	1	-0	-0.0041917	0	0.99999
0.5015	-0.34079	0	-0.009829	0.99998	-0	0.0060791	0	1	-0	-0.0060791	0	0.99998
0.5025	-0.34079	0	-0.0090801	0.99997	-0	0.0079081	0	1	-0	-0.0079081	0	0.99997
0.5035	-0.34079	0	-0.0082905	0.99995	-0	0.0096633	0	1	-0	-0.0096633	0	0.99995
0.5045	-0.34079	0	-0.0074615	0.99994	-0	0.011332	0	1	-0	-0.011332	0	0.99994
0.50551	-0.34078	0	-0.0065954	0.99992	-0	0.012906	0	1	-0	-0.012906	0	0.99992
0.50651	-0.34078	0	-0.0056948	0.9999	-0	0.014379	0	1	-0	-0.014379	0	0.9999
0.50751	-0.34077	0	-0.0047632	0.99988	-0	0.01575	0	1	-0	-0.01575	0	0.99988
0.50851	-0.34077	0	-0.0038043	0.99986	-0	0.017021	0	1	-0	-0.017021	0	0.99986
0.50951	-0.34076	0	-0.0028218	0.99983	-0	0.018196	0	1	-0	-0.018196	0	0.99983
0.51051	-0.34075	0	-0.0018196	0.99981	-0	0.019281	0	1	-0	-0.019281	0	0.99981
0.51151	-0.34075	0	-0.00080138	0.99979	-0	0.020283	0	1	-0	-0.020283	0	0.99979
0.51251	-0.34074	0	0.00022957	0.99978	-0	0.02121	0	1	-0	-0.02121	0	0.99978
0.51351	-0.34073	0	0.0012702	0.99976	-0	0.02207	0	1	-0	-0.02207	0	0.99976
0.51451	-0.34073	0	0.0023176	0.99974	-0	0.022871	0	1	-0	-0.022871	0	0.99974
0.51552	-0.34072	0	0.0033695	0.99972	-0	0.023619	0	1	-0	-0.023619	0	0.99972
0.51652	-0.34071	0	0.0044238	0.9997	-0	0.024321	0	1	-0	-0.024321	0	0.9997
0.51752	-0.34071	0	0.0054786	0.99969	-0	0.024983	0	1	-0	-0.024983	0	0.99969
0.51852	-0.3407	0	0.0065323	0.99967	-0	0.025611	0	1	-0	-0.025611	0	0.99967
0.51952	-0.3407	0	0.0075834	0.99966	-0	0.02621	0	1	-0	-0.02621	0	0.99966
0.52052	-0.34069	0	0.0086307	0.99964	-0	0.026785	0	1	-0	-0.026785	0	0.99964
0.52152	-0.34068	0	0.0096728	0.99963	-0	0.02734	0	1	-0	-0.02734	0	0.99963
0.52252	-0.34068	0	0.010709	0.99961	-0	0.02788	0	1	-0	-0.02788	0	0.99961
0.52352	-0.34067	0	0.011737	0.9996	-0	0.028411	0	1	-0	-0.028411	0	0.9996
0.52452	-0.34066	0	0.012757	0.99958	-0	0.028936	0	1	-0	-0.028936	0	0.99958
0.52553	-0.34066	0	0.013766	0.99957	-0	0.02946	0	1	-0	-0.02946	0	0.99957
0.52653	-0.34065	0	0.014766	0.99955	-0	0.029984	0	1	-0	-0.029984	0	0.99955
0.52753	-0.34064	0	0.015757	0.99953	-0	0.030508	0	1	-0	-0.030508	0	0.99953
0.52853	-0.34064	0	0.016738	0.99952	-0	0.031033	0	1	-0	-0.031033	0	0.99952
0.52953	-0.34063	0	0.017695	0.9995	-0	0.031557	0	1	-0	-0.031557	0	0.9995
0.53053	-0.34063	0	0.018649	0.99949	-0	0.032081	0	1	-0	-0.032081	0	0.99949
0.53153	-0.34062	0	0.019603	0.99947	-0	0.032605	0	1	-0	-0.032605	0	0.99947
0.53253	-0.34061	0	0.020557	0.99945	-0	0.03313	0	1	-0	-0.03313	0	0.99945
0.53353	-0.34061	0	0.021482	0.99943	-0	0.033654	0	1	-0	-0.033654	0	0.99943
0.53453	-0.3406	0	0.022395	0.99942	-0	0.034178	0	1	-0	-0.034178	0	0.99942
0.53554	-0.34059	0	0.023308	0.9994	-0	0.034702	0	1	-0	-0.034702	0	0.9994
0.53654	-0.34059	0	0.024222	0.99938	-0	0.035226	0	1	-0	-0.035226	0	0.99938
0.53754	-0.34058	0	0.025111	0.99936	-0	0.03575	0	1	-0	-0.03575	0	0.99936
0.53854	-0.34058	0	0.025984	0.99934	-0	0.036275	0	1	-0	-0.036275	0	0.99934
0.53954	-0.34057	0	0.026856	0.99932	-0	0.036799	0	1	-0	-0.036799	0	0.99932
0.54054	-0.34056	0	0.027729	0.9993	-0	0.037323	0	1	-0	-0.037323	0	0.9993
0.54154	-0.34056	0	0.028583	0.99928	-0	0.037847	0	1	-0	-0.037847	0	0.99928
0.54254	-0.34055	0	0.029415	0.99926	-0	0.038371	0	1	-0	-0.038371	0	0.99926
0.54354	-0.34054	0	0.030247	0.99924	-0	0.038895	0	1	-0	-0.038895	0	0.99924
0.54454	-0.34054	0	0.03108	0.99922	-0	0.039419	0	1	-0	-0.039419	0	0.99922
0.54555	-0.34053	0	0.031901	0.9992	-0	0.039943	0	1	-0	-0.039943	0	0.9992
0.54655	-0.34052	0	0.032703	0.99918	-0	0.040467	0	1	-0	-0.040467	0	0.99918
0.54755	-0.34052	0	0.033499	0.99916	-0	0.040992	0	1	-0	-0.040992	0	0.99916
0.54855	-0.34051	0	0.034281	0.99914	-0	0.041516	0	1	-0	-0.041516	0	0.99914
0.54955	-0.34051	0	0.035058	0.99912	-0	0.04204	0	1	-0	-0.04204	0	0.99912
