G = 9.81;
Jxx1 = .18e-3;
Jyy1 = .18e-3;
Jzz1 = .18e-3;
Jxx2 = .18e-3;
Jyy2 = .18e-3;
Jzz2 = .18e-3;
K1ax = 0;
K1ay = -4.273190300435441e-002;
K1az =  4.244985962377122e-002;
K1brx = 0;
K1bry = 0;
K1bx = 0;
K1by = -.60e-1;
K1bz = -.50e-1;
K1cx = 0;
K1cy = 8.228071787985691e-002;
K1cz = -5.0e-2;
K1crz = pi/8;
K2ax = 0;
K2ay = 0;
K2az = 0;
aF = 10;
aH = 5;
cF = 1;%1;%10;
cH = 1;%1;%10;
dyVel = .1;
kF = 700/(0.0075^2);
kH = 700/(0.01^2);
m1 = .75;
m2 = .25;
mud = 1;%.7;
mus = 1;%1;
nx = 0;
ny = 0;
nz = 1;
pF = 2;
pH = 2;
rF = .6e-1;
rH = .45e-1;
stVel = .05;
sx = 0;
sy = 0;
sz = 0;
t1x = 1;
t1y = 0;
t1z = 0;
t2x = 0;
t2y = 1;
t2z = 0;

kmt = 15;
dmt = 0.5;
thOff = 0;